1,47,1113,264,127,102,1,-1,-1,-1
1,51,1088,496,627,283,1,-1,-1,-1
2,47,1108,266,127,99,1,-1,-1,-1
2,51,1199,502,608,273,1,-1,-1,-1
3,47,1103,265,124,98,1,-1,-1,-1
3,51,1309,507,589,263,1,-1,-1,-1
4,47,1103,265,114,94,1,-1,-1,-1
4,51,1422,505,498,265,1,-1,-1,-1
5,47,1100,265,112,92,1,-1,-1,-1
6,47,1096,264,109,90,1,-1,-1,-1
7,47,1096,261,106,89,1,-1,-1,-1
8,47,1092,261,104,87,1,-1,-1,-1
9,47,1088,261,102,84,1,-1,-1,-1
10,47,1084,260,99,82,1,-1,-1,-1
11,47,1080,260,97,79,1,-1,-1,-1
12,47,1077,258,96,79,1,-1,-1,-1
13,47,1073,256,98,80,1,-1,-1,-1
14,47,1070,253,99,82,1,-1,-1,-1
15,47,1066,251,101,83,1,-1,-1,-1
16,47,1065,250,100,81,1,-1,-1,-1
17,47,1066,251,97,78,1,-1,-1,-1
18,47,1067,250,91,78,1,-1,-1,-1
19,47,1061,252,85,75,1,-1,-1,-1
20,47,1059,250,87,76,1,-1,-1,-1
21,47,1058,250,87,75,1,-1,-1,-1
22,47,1059,250,85,73,1,-1,-1,-1
23,47,1058,249,85,74,1,-1,-1,-1
24,47,1058,248,83,74,1,-1,-1,-1
25,47,1058,249,79,70,1,-1,-1,-1
63,74,953,253,75,70,1,-1,-1,-1
64,74,954,255,78,69,1,-1,-1,-1
65,74,955,258,81,68,1,-1,-1,-1
66,74,956,260,84,67,1,-1,-1,-1
67,74,957,262,87,66,1,-1,-1,-1
68,74,956,265,90,67,1,-1,-1,-1
69,74,958,266,91,67,1,-1,-1,-1
70,74,959,268,91,67,1,-1,-1,-1
71,74,961,269,92,67,1,-1,-1,-1
72,74,963,270,92,67,1,-1,-1,-1
73,74,965,272,93,68,1,-1,-1,-1
74,74,966,273,93,68,1,-1,-1,-1
75,74,968,274,94,68,1,-1,-1,-1
76,74,970,275,94,68,1,-1,-1,-1
77,74,971,277,95,68,1,-1,-1,-1
78,74,973,278,95,68,1,-1,-1,-1
79,74,975,278,95,69,1,-1,-1,-1
80,74,977,277,96,72,1,-1,-1,-1
81,74,979,276,95,73,1,-1,-1,-1
82,74,982,277,92,73,1,-1,-1,-1
83,56,0,435,910,376,1,-1,-1,-1
83,74,981,278,99,75,1,-1,-1,-1
84,56,148,453,970,333,1,-1,-1,-1
84,74,980,280,106,76,1,-1,-1,-1
85,56,425,427,988,375,1,-1,-1,-1
85,74,979,281,113,78,1,-1,-1,-1
86,56,661,423,1013,374,1,-1,-1,-1
86,62,916,240,69,66,1,-1,-1,-1
86,74,979,281,117,79,1,-1,-1,-1
87,56,938,447,949,343,1,-1,-1,-1
87,62,914,241,70,66,1,-1,-1,-1
87,74,980,283,119,78,1,-1,-1,-1
88,62,912,243,71,66,1,-1,-1,-1
88,74,982,283,120,80,1,-1,-1,-1
89,62,910,244,71,67,1,-1,-1,-1
89,74,986,284,118,80,1,-1,-1,-1
90,62,907,245,72,67,1,-1,-1,-1
90,74,989,284,118,81,1,-1,-1,-1
91,62,905,246,73,67,1,-1,-1,-1
91,74,991,286,117,79,1,-1,-1,-1
92,62,903,248,74,67,1,-1,-1,-1
92,74,994,286,117,81,1,-1,-1,-1
93,62,901,249,74,67,1,-1,-1,-1
93,74,996,286,116,81,1,-1,-1,-1
94,62,899,250,75,67,1,-1,-1,-1
94,74,999,287,116,84,1,-1,-1,-1
95,62,897,251,76,68,1,-1,-1,-1
95,74,1001,288,118,84,1,-1,-1,-1
96,62,894,253,77,68,1,-1,-1,-1
96,74,1003,289,120,84,1,-1,-1,-1
97,62,892,254,77,68,1,-1,-1,-1
97,74,1009,285,113,89,1,-1,-1,-1
98,62,890,255,78,68,1,-1,-1,-1
98,74,1013,285,111,91,1,-1,-1,-1
99,62,890,256,78,68,1,-1,-1,-1
99,74,1015,288,119,91,1,-1,-1,-1
100,62,888,257,80,68,1,-1,-1,-1
100,74,1016,289,119,91,1,-1,-1,-1
101,57,1527,342,393,169,1,-1,-1,-1
101,62,887,257,80,68,1,-1,-1,-1
101,74,1016,291,120,90,1,-1,-1,-1
102,57,1423,337,455,167,1,-1,-1,-1
102,62,885,259,83,68,1,-1,-1,-1
102,74,1019,293,119,89,1,-1,-1,-1
103,57,1304,337,461,167,1,-1,-1,-1
103,62,884,262,83,67,1,-1,-1,-1
103,74,1021,294,120,89,1,-1,-1,-1
104,57,1185,337,467,168,1,-1,-1,-1
104,62,879,263,78,65,1,-1,-1,-1
104,74,1024,293,120,91,1,-1,-1,-1
105,57,1066,337,472,168,1,-1,-1,-1
105,62,878,264,79,68,1,-1,-1,-1
105,74,1022,293,130,96,1,-1,-1,-1
106,57,947,337,478,168,1,-1,-1,-1
106,62,876,263,83,72,1,-1,-1,-1
107,57,826,339,475,169,1,-1,-1,-1
107,62,874,262,87,73,1,-1,-1,-1
108,57,705,341,473,170,1,-1,-1,-1
108,62,872,262,89,74,1,-1,-1,-1
109,57,585,343,470,170,1,-1,-1,-1
109,58,1590,320,329,163,1,-1,-1,-1
109,62,870,264,88,74,1,-1,-1,-1
109,74,1024,303,133,83,1,-1,-1,-1
110,57,464,345,468,171,1,-1,-1,-1
110,58,1476,332,349,140,1,-1,-1,-1
110,62,869,266,87,73,1,-1,-1,-1
110,74,1030,303,128,90,1,-1,-1,-1
111,57,343,347,465,172,1,-1,-1,-1
111,58,1338,332,357,140,1,-1,-1,-1
111,62,865,267,89,74,1,-1,-1,-1
111,74,1034,303,127,91,1,-1,-1,-1
112,57,231,351,458,173,1,-1,-1,-1
112,58,1199,332,364,140,1,-1,-1,-1
112,62,861,268,95,76,1,-1,-1,-1
112,74,1037,303,125,92,1,-1,-1,-1
113,57,98,346,497,178,1,-1,-1,-1
113,58,1061,333,361,145,1,-1,-1,-1
113,62,858,268,98,78,1,-1,-1,-1
114,57,9,357,442,169,1,-1,-1,-1
114,58,922,334,358,150,1,-1,-1,-1
114,62,854,269,100,80,1,-1,-1,-1
115,57,0,357,335,167,1,-1,-1,-1
115,58,784,335,355,155,1,-1,-1,-1
115,62,852,268,100,83,1,-1,-1,-1
116,58,649,338,355,154,1,-1,-1,-1
116,62,850,269,100,84,1,-1,-1,-1
116,74,1047,306,125,91,1,-1,-1,-1
117,58,515,340,356,153,1,-1,-1,-1
117,62,849,269,100,85,1,-1,-1,-1
117,74,1046,306,127,94,1,-1,-1,-1
118,58,381,343,356,152,1,-1,-1,-1
118,62,848,271,100,85,1,-1,-1,-1
118,74,1047,306,127,94,1,-1,-1,-1
119,58,247,345,358,151,1,-1,-1,-1
119,62,848,271,98,84,1,-1,-1,-1
119,74,1048,305,127,96,1,-1,-1,-1
120,58,102,354,352,138,1,-1,-1,-1
120,62,848,273,97,81,1,-1,-1,-1
120,74,1049,304,125,97,1,-1,-1,-1
121,58,0,355,318,139,1,-1,-1,-1
121,62,847,273,98,82,1,-1,-1,-1
121,74,1051,309,122,97,1,-1,-1,-1
122,62,846,274,99,83,1,-1,-1,-1
122,74,1050,310,124,96,1,-1,-1,-1
123,62,845,274,100,84,1,-1,-1,-1
123,74,1050,310,127,96,1,-1,-1,-1
124,62,844,274,102,85,1,-1,-1,-1
124,74,1050,309,128,97,1,-1,-1,-1
125,62,843,274,103,86,1,-1,-1,-1
125,74,1051,309,128,97,1,-1,-1,-1
126,62,842,275,104,87,1,-1,-1,-1
126,74,1052,309,127,98,1,-1,-1,-1
127,62,842,275,105,89,1,-1,-1,-1
127,74,1053,309,125,98,1,-1,-1,-1
128,62,841,275,106,90,1,-1,-1,-1
128,74,1054,309,125,98,1,-1,-1,-1
129,62,840,276,107,91,1,-1,-1,-1
129,74,1053,310,127,98,1,-1,-1,-1
130,62,839,276,108,92,1,-1,-1,-1
130,74,1053,310,128,97,1,-1,-1,-1
131,59,1491,351,392,155,1,-1,-1,-1
131,62,838,276,110,93,1,-1,-1,-1
131,74,1053,310,129,98,1,-1,-1,-1
132,59,1339,354,391,153,1,-1,-1,-1
132,62,837,276,111,94,1,-1,-1,-1
132,74,1053,310,130,99,1,-1,-1,-1
133,59,1188,358,391,151,1,-1,-1,-1
133,62,836,277,112,95,1,-1,-1,-1
133,74,1052,310,130,98,1,-1,-1,-1
134,59,1037,361,391,150,1,-1,-1,-1
134,62,835,277,113,96,1,-1,-1,-1
134,74,1053,311,130,96,1,-1,-1,-1
135,59,885,365,389,147,1,-1,-1,-1
135,62,834,277,113,96,1,-1,-1,-1
135,74,1053,311,130,94,1,-1,-1,-1
136,59,728,370,383,143,1,-1,-1,-1
136,62,834,277,113,96,1,-1,-1,-1
136,74,1054,312,130,92,1,-1,-1,-1
137,59,570,375,377,138,1,-1,-1,-1
137,62,835,278,113,95,1,-1,-1,-1
137,74,1054,309,129,99,1,-1,-1,-1
138,59,419,379,375,138,1,-1,-1,-1
138,62,836,281,112,94,1,-1,-1,-1
138,74,1054,308,128,100,1,-1,-1,-1
139,59,268,382,373,137,1,-1,-1,-1
139,62,837,283,110,92,1,-1,-1,-1
139,74,1055,309,128,100,1,-1,-1,-1
140,59,129,383,388,139,1,-1,-1,-1
140,62,837,284,108,92,1,-1,-1,-1
140,74,1055,309,128,100,1,-1,-1,-1
141,59,0,387,386,138,1,-1,-1,-1
141,62,837,284,107,94,1,-1,-1,-1
141,74,1055,309,128,100,1,-1,-1,-1
142,62,837,283,107,96,1,-1,-1,-1
142,74,1054,308,128,100,1,-1,-1,-1
143,62,836,282,109,98,1,-1,-1,-1
143,74,1054,308,128,100,1,-1,-1,-1
144,62,836,282,110,99,1,-1,-1,-1
144,74,1054,308,128,100,1,-1,-1,-1
145,62,836,282,110,100,1,-1,-1,-1
145,74,1054,308,128,100,1,-1,-1,-1
146,62,835,283,110,100,1,-1,-1,-1
146,74,1055,308,128,100,1,-1,-1,-1
147,62,835,288,110,98,1,-1,-1,-1
147,74,1055,308,129,101,1,-1,-1,-1
148,62,836,290,109,96,1,-1,-1,-1
148,74,1055,308,129,101,1,-1,-1,-1
149,60,0,449,794,350,1,-1,-1,-1
149,62,837,292,108,95,1,-1,-1,-1
149,74,1055,308,130,101,1,-1,-1,-1
150,60,200,445,810,350,1,-1,-1,-1
150,62,836,291,109,97,1,-1,-1,-1
150,74,1055,308,130,102,1,-1,-1,-1
151,60,442,441,805,350,1,-1,-1,-1
151,62,835,289,110,100,1,-1,-1,-1
151,74,1054,307,131,102,1,-1,-1,-1
152,60,685,437,801,350,1,-1,-1,-1
152,62,834,289,112,101,1,-1,-1,-1
152,74,1054,307,132,103,1,-1,-1,-1
153,60,943,445,798,331,1,-1,-1,-1
153,62,834,289,113,101,1,-1,-1,-1
153,74,1054,307,132,102,1,-1,-1,-1
154,60,1170,429,750,350,1,-1,-1,-1
154,62,834,291,114,100,1,-1,-1,-1
154,74,1055,308,131,101,1,-1,-1,-1
155,62,834,291,113,100,1,-1,-1,-1
155,74,1055,308,130,100,1,-1,-1,-1
156,62,834,291,112,101,1,-1,-1,-1
156,74,1055,308,130,100,1,-1,-1,-1
157,62,835,292,112,101,1,-1,-1,-1
157,74,1055,308,129,100,1,-1,-1,-1
158,62,835,293,111,101,1,-1,-1,-1
158,74,1055,308,129,100,1,-1,-1,-1
159,62,836,294,110,100,1,-1,-1,-1
159,74,1055,308,129,101,1,-1,-1,-1
160,62,836,294,110,100,1,-1,-1,-1
160,74,1055,308,129,101,1,-1,-1,-1
161,61,17,490,684,299,1,-1,-1,-1
161,62,835,292,111,101,1,-1,-1,-1
161,74,1055,307,129,101,1,-1,-1,-1
162,61,270,482,681,306,1,-1,-1,-1
162,62,835,293,113,101,1,-1,-1,-1
162,74,1055,307,129,102,1,-1,-1,-1
163,61,523,475,679,312,1,-1,-1,-1
163,62,835,293,114,103,1,-1,-1,-1
163,74,1055,307,129,102,1,-1,-1,-1
164,61,777,467,675,320,1,-1,-1,-1
164,62,835,294,114,102,1,-1,-1,-1
164,74,1055,307,130,103,1,-1,-1,-1
165,61,1030,460,673,327,1,-1,-1,-1
165,62,835,294,114,102,1,-1,-1,-1
165,74,1055,307,130,103,1,-1,-1,-1
166,61,1304,481,611,287,1,-1,-1,-1
166,62,836,295,114,100,1,-1,-1,-1
166,74,1055,307,130,102,1,-1,-1,-1
167,62,836,295,116,100,1,-1,-1,-1
167,74,1055,308,129,101,1,-1,-1,-1
168,62,835,295,117,101,1,-1,-1,-1
168,74,1055,308,129,101,1,-1,-1,-1
169,62,834,294,117,105,1,-1,-1,-1
169,74,1055,308,128,101,1,-1,-1,-1
170,62,834,293,116,106,1,-1,-1,-1
170,74,1055,308,128,100,1,-1,-1,-1
171,62,834,292,114,107,1,-1,-1,-1
171,74,1055,308,128,100,1,-1,-1,-1
172,62,835,293,114,106,1,-1,-1,-1
172,74,1055,308,128,100,1,-1,-1,-1
173,62,835,292,116,107,1,-1,-1,-1
173,74,1055,308,128,100,1,-1,-1,-1
174,62,834,292,116,108,1,-1,-1,-1
174,74,1055,308,129,100,1,-1,-1,-1
175,62,833,292,117,109,1,-1,-1,-1
175,74,1056,308,129,101,1,-1,-1,-1
176,62,832,292,118,109,1,-1,-1,-1
176,74,1056,308,128,101,1,-1,-1,-1
177,62,831,291,119,110,1,-1,-1,-1
177,74,1056,308,128,101,1,-1,-1,-1
178,62,830,291,119,111,1,-1,-1,-1
178,74,1056,308,128,101,1,-1,-1,-1
179,62,829,291,120,111,1,-1,-1,-1
179,74,1056,308,128,101,1,-1,-1,-1
180,62,828,291,121,112,1,-1,-1,-1
180,74,1056,308,128,101,1,-1,-1,-1
181,62,827,291,121,113,1,-1,-1,-1
181,74,1056,308,128,101,1,-1,-1,-1
182,62,825,291,122,113,1,-1,-1,-1
182,74,1056,308,128,101,1,-1,-1,-1
183,62,824,291,123,114,1,-1,-1,-1
183,74,1056,308,128,101,1,-1,-1,-1
184,62,823,290,124,116,1,-1,-1,-1
184,74,1056,308,128,101,1,-1,-1,-1
185,62,822,290,124,116,1,-1,-1,-1
185,74,1056,308,128,101,1,-1,-1,-1
186,62,821,290,125,117,1,-1,-1,-1
186,74,1056,308,128,101,1,-1,-1,-1
187,62,820,290,127,118,1,-1,-1,-1
187,74,1056,308,128,101,1,-1,-1,-1
188,62,819,290,127,118,1,-1,-1,-1
188,74,1056,308,128,101,1,-1,-1,-1
189,62,818,290,128,119,1,-1,-1,-1
189,74,1056,308,128,101,1,-1,-1,-1
190,62,817,290,129,120,1,-1,-1,-1
190,74,1056,308,128,101,1,-1,-1,-1
191,62,816,290,130,120,1,-1,-1,-1
191,74,1056,308,127,101,1,-1,-1,-1
192,62,815,289,130,121,1,-1,-1,-1
192,74,1056,308,127,101,1,-1,-1,-1
193,62,814,288,131,122,1,-1,-1,-1
193,74,1056,308,127,101,1,-1,-1,-1
194,62,830,293,111,110,1,-1,-1,-1
194,74,1056,308,128,101,1,-1,-1,-1
195,62,812,288,133,123,1,-1,-1,-1
195,74,1056,308,128,101,1,-1,-1,-1
196,62,811,288,133,124,1,-1,-1,-1
196,74,1056,308,128,101,1,-1,-1,-1
197,62,810,288,134,124,1,-1,-1,-1
197,74,1056,308,128,101,1,-1,-1,-1
198,62,809,288,135,125,1,-1,-1,-1
198,74,1056,308,128,101,1,-1,-1,-1
199,62,808,287,135,127,1,-1,-1,-1
199,74,1056,308,128,101,1,-1,-1,-1
200,62,807,287,136,127,1,-1,-1,-1
200,74,1057,308,127,100,1,-1,-1,-1
201,62,806,287,138,128,1,-1,-1,-1
201,74,1056,308,127,100,1,-1,-1,-1
202,62,805,287,139,129,1,-1,-1,-1
202,74,1056,308,127,100,1,-1,-1,-1
203,62,804,287,139,129,1,-1,-1,-1
203,74,1056,308,128,100,1,-1,-1,-1
204,62,803,287,140,130,1,-1,-1,-1
204,74,1056,308,128,101,1,-1,-1,-1
205,62,802,287,141,131,1,-1,-1,-1
205,74,1056,308,128,101,1,-1,-1,-1
206,62,801,287,142,132,1,-1,-1,-1
206,74,1057,308,128,101,1,-1,-1,-1
207,62,795,289,146,131,1,-1,-1,-1
207,74,1056,308,128,100,1,-1,-1,-1
208,62,788,291,149,130,1,-1,-1,-1
208,74,1056,308,128,100,1,-1,-1,-1
209,62,782,294,153,130,1,-1,-1,-1
209,74,1056,308,128,100,1,-1,-1,-1
210,62,775,296,157,129,1,-1,-1,-1
210,74,1056,308,128,101,1,-1,-1,-1
211,62,769,298,160,128,1,-1,-1,-1
211,74,1056,308,129,101,1,-1,-1,-1
212,62,762,300,164,127,1,-1,-1,-1
212,74,1056,308,128,101,1,-1,-1,-1
213,62,756,303,168,127,1,-1,-1,-1
213,73,873,293,112,89,1,-1,-1,-1
213,74,1056,308,128,101,1,-1,-1,-1
214,62,749,305,171,126,1,-1,-1,-1
214,73,874,293,112,91,1,-1,-1,-1
214,74,1057,308,128,101,1,-1,-1,-1
215,62,743,307,175,125,1,-1,-1,-1
215,73,876,294,113,94,1,-1,-1,-1
215,74,1056,308,128,102,1,-1,-1,-1
216,62,725,308,184,126,1,-1,-1,-1
216,73,877,294,113,96,1,-1,-1,-1
216,74,1056,308,129,102,1,-1,-1,-1
217,62,707,309,193,127,1,-1,-1,-1
217,73,876,296,117,95,1,-1,-1,-1
217,74,1056,308,129,102,1,-1,-1,-1
218,62,688,310,201,128,1,-1,-1,-1
218,73,877,297,116,92,1,-1,-1,-1
218,74,1057,307,128,102,1,-1,-1,-1
219,62,670,311,210,129,1,-1,-1,-1
219,63,0,523,605,274,1,-1,-1,-1
219,73,878,299,116,89,1,-1,-1,-1
219,74,1057,307,128,102,1,-1,-1,-1
220,62,652,311,219,130,1,-1,-1,-1
220,63,253,520,615,273,1,-1,-1,-1
220,73,878,299,117,90,1,-1,-1,-1
220,74,1057,307,128,103,1,-1,-1,-1
221,62,634,312,228,131,1,-1,-1,-1
221,63,525,518,614,273,1,-1,-1,-1
221,73,878,300,118,91,1,-1,-1,-1
221,74,1056,307,128,103,1,-1,-1,-1
222,62,615,313,236,132,1,-1,-1,-1
222,63,798,515,612,272,1,-1,-1,-1
222,73,878,301,119,92,1,-1,-1,-1
222,74,1056,307,129,105,1,-1,-1,-1
223,62,597,314,245,133,1,-1,-1,-1
223,63,1070,513,611,272,1,-1,-1,-1
223,73,879,302,119,94,1,-1,-1,-1
223,74,1056,307,129,103,1,-1,-1,-1
224,62,571,317,252,133,1,-1,-1,-1
224,63,1344,511,576,272,1,-1,-1,-1
224,73,880,303,118,95,1,-1,-1,-1
224,74,1056,307,129,103,1,-1,-1,-1
225,62,546,320,259,132,1,-1,-1,-1
225,64,0,467,432,214,1,-1,-1,-1
225,73,882,302,118,99,1,-1,-1,-1
225,74,1056,307,129,103,1,-1,-1,-1
226,62,520,323,266,132,1,-1,-1,-1
226,64,150,467,490,207,1,-1,-1,-1
226,73,882,301,117,100,1,-1,-1,-1
226,74,1057,308,129,103,1,-1,-1,-1
227,62,494,326,273,131,1,-1,-1,-1
227,64,378,461,503,216,1,-1,-1,-1
227,73,884,301,117,101,1,-1,-1,-1
227,74,1057,307,129,103,1,-1,-1,-1
228,62,463,328,276,133,1,-1,-1,-1
228,64,607,455,517,224,1,-1,-1,-1
228,73,885,301,116,101,1,-1,-1,-1
228,74,1056,307,129,105,1,-1,-1,-1
229,62,432,330,278,135,1,-1,-1,-1
229,64,835,449,530,233,1,-1,-1,-1
229,73,886,301,116,101,1,-1,-1,-1
229,74,1056,307,130,106,1,-1,-1,-1
230,62,400,332,281,136,1,-1,-1,-1
230,64,1050,445,547,235,1,-1,-1,-1
230,73,887,301,116,102,1,-1,-1,-1
230,74,1056,307,130,105,1,-1,-1,-1
231,62,369,334,283,138,1,-1,-1,-1
231,64,1266,441,563,239,1,-1,-1,-1
231,73,887,301,114,102,1,-1,-1,-1
231,74,1056,307,129,105,1,-1,-1,-1
232,62,329,337,289,139,1,-1,-1,-1
232,64,1533,448,387,218,1,-1,-1,-1
232,73,889,309,117,98,1,-1,-1,-1
232,74,1056,307,129,103,1,-1,-1,-1
233,62,289,340,295,140,1,-1,-1,-1
233,73,889,307,117,100,1,-1,-1,-1
233,74,1056,307,129,103,1,-1,-1,-1
234,62,248,342,302,142,1,-1,-1,-1
234,73,889,306,118,102,1,-1,-1,-1
234,74,1056,307,128,103,1,-1,-1,-1
235,62,208,345,308,143,1,-1,-1,-1
235,73,890,306,118,101,1,-1,-1,-1
235,74,1056,307,128,102,1,-1,-1,-1
236,62,168,348,314,144,1,-1,-1,-1
236,73,891,307,118,100,1,-1,-1,-1
236,74,1056,308,127,102,1,-1,-1,-1
237,62,125,350,313,145,1,-1,-1,-1
237,73,891,307,119,100,1,-1,-1,-1
237,74,1056,307,127,102,1,-1,-1,-1
238,62,81,352,311,147,1,-1,-1,-1
238,73,891,307,119,101,1,-1,-1,-1
238,74,1057,307,127,102,1,-1,-1,-1
239,62,38,354,310,148,1,-1,-1,-1
239,73,896,305,118,107,1,-1,-1,-1
239,74,1056,307,127,102,1,-1,-1,-1
240,62,0,353,297,151,1,-1,-1,-1
240,73,895,306,118,106,1,-1,-1,-1
240,74,1056,307,127,102,1,-1,-1,-1
241,62,0,364,250,146,1,-1,-1,-1
241,73,895,307,118,105,1,-1,-1,-1
241,74,1056,308,127,102,1,-1,-1,-1
242,73,896,307,118,105,1,-1,-1,-1
242,74,1056,308,127,102,1,-1,-1,-1
243,73,892,309,119,100,1,-1,-1,-1
243,74,1056,308,127,102,1,-1,-1,-1
244,73,892,309,118,100,1,-1,-1,-1
244,74,1056,308,127,102,1,-1,-1,-1
245,73,892,309,118,100,1,-1,-1,-1
245,74,1056,308,127,102,1,-1,-1,-1
246,73,893,309,118,100,1,-1,-1,-1
246,74,1056,307,127,102,1,-1,-1,-1
247,73,893,309,119,100,1,-1,-1,-1
247,74,1056,307,127,102,1,-1,-1,-1
248,73,893,310,119,100,1,-1,-1,-1
248,74,1056,307,127,102,1,-1,-1,-1
249,73,892,310,119,100,1,-1,-1,-1
249,74,1056,307,127,102,1,-1,-1,-1
250,73,892,310,119,100,1,-1,-1,-1
250,74,1056,307,127,102,1,-1,-1,-1
251,73,892,310,119,100,1,-1,-1,-1
251,74,1056,307,128,103,1,-1,-1,-1
252,73,892,310,119,101,1,-1,-1,-1
252,74,1056,307,128,103,1,-1,-1,-1
253,73,892,309,119,101,1,-1,-1,-1
253,74,1056,307,128,103,1,-1,-1,-1
254,73,892,309,119,101,1,-1,-1,-1
254,74,1056,307,127,102,1,-1,-1,-1
255,73,892,309,119,101,1,-1,-1,-1
255,74,1056,307,127,102,1,-1,-1,-1
256,73,892,309,119,100,1,-1,-1,-1
256,74,1056,307,127,102,1,-1,-1,-1
257,73,892,309,119,101,1,-1,-1,-1
257,74,1056,307,127,102,1,-1,-1,-1
258,73,892,309,119,100,1,-1,-1,-1
258,74,1056,307,127,102,1,-1,-1,-1
259,73,892,309,119,100,1,-1,-1,-1
259,74,1056,307,127,103,1,-1,-1,-1
260,73,892,310,119,100,1,-1,-1,-1
260,74,1056,307,127,103,1,-1,-1,-1
261,73,892,309,119,100,1,-1,-1,-1
261,74,1056,307,127,102,1,-1,-1,-1
262,73,892,309,119,101,1,-1,-1,-1
262,74,1056,307,127,102,1,-1,-1,-1
263,73,892,309,118,101,1,-1,-1,-1
263,74,1056,307,127,101,1,-1,-1,-1
264,73,892,309,118,101,1,-1,-1,-1
264,74,1056,307,128,101,1,-1,-1,-1
265,73,892,309,118,101,1,-1,-1,-1
265,74,1056,307,128,102,1,-1,-1,-1
266,73,892,309,119,101,1,-1,-1,-1
266,74,1056,307,128,102,1,-1,-1,-1
267,65,1567,340,353,139,1,-1,-1,-1
267,73,892,309,119,101,1,-1,-1,-1
267,74,1056,307,128,102,1,-1,-1,-1
268,65,1407,343,373,138,1,-1,-1,-1
268,73,892,309,119,101,1,-1,-1,-1
268,74,1056,307,129,103,1,-1,-1,-1
269,65,1248,346,370,138,1,-1,-1,-1
269,73,895,307,119,107,1,-1,-1,-1
269,74,1054,308,132,100,1,-1,-1,-1
270,65,1089,349,366,138,1,-1,-1,-1
270,73,896,307,119,105,1,-1,-1,-1
270,74,1055,308,132,101,1,-1,-1,-1
271,65,931,352,363,136,1,-1,-1,-1
271,73,895,308,119,103,1,-1,-1,-1
272,65,764,355,357,132,1,-1,-1,-1
272,74,1056,307,131,102,1,-1,-1,-1
273,65,598,359,351,127,1,-1,-1,-1
273,73,894,311,118,99,1,-1,-1,-1
273,74,1056,307,130,102,1,-1,-1,-1
274,65,431,362,345,123,1,-1,-1,-1
274,73,893,312,118,97,1,-1,-1,-1
274,74,1056,307,128,102,1,-1,-1,-1
275,65,281,366,333,124,1,-1,-1,-1
275,73,892,311,118,99,1,-1,-1,-1
275,74,1056,307,128,102,1,-1,-1,-1
276,65,131,370,320,125,1,-1,-1,-1
276,73,892,309,119,100,1,-1,-1,-1
276,74,1056,307,128,102,1,-1,-1,-1
277,65,0,382,293,117,1,-1,-1,-1
277,73,892,310,119,100,1,-1,-1,-1
277,74,1056,307,129,102,1,-1,-1,-1
278,73,892,310,119,100,1,-1,-1,-1
278,74,1056,308,129,102,1,-1,-1,-1
279,73,892,311,119,99,1,-1,-1,-1
279,74,1056,308,128,102,1,-1,-1,-1
280,73,892,311,118,99,1,-1,-1,-1
280,74,1056,308,128,101,1,-1,-1,-1
281,73,892,311,118,99,1,-1,-1,-1
281,74,1056,308,129,101,1,-1,-1,-1
282,73,892,311,118,99,1,-1,-1,-1
282,74,1056,308,129,101,1,-1,-1,-1
283,73,892,311,118,99,1,-1,-1,-1
283,74,1056,308,129,101,1,-1,-1,-1
284,73,892,311,118,99,1,-1,-1,-1
284,74,1056,308,129,101,1,-1,-1,-1
285,73,892,311,119,99,1,-1,-1,-1
285,74,1056,307,129,102,1,-1,-1,-1
286,73,892,310,119,100,1,-1,-1,-1
286,74,1057,308,129,102,1,-1,-1,-1
287,73,892,310,119,100,1,-1,-1,-1
287,74,1057,308,129,102,1,-1,-1,-1
288,73,892,310,119,100,1,-1,-1,-1
288,74,1056,308,129,102,1,-1,-1,-1
289,73,892,310,119,100,1,-1,-1,-1
289,74,1056,308,129,102,1,-1,-1,-1
290,73,892,310,119,100,1,-1,-1,-1
290,74,1056,307,128,102,1,-1,-1,-1
291,66,1464,334,444,180,1,-1,-1,-1
291,73,892,311,119,99,1,-1,-1,-1
291,74,1056,307,129,102,1,-1,-1,-1
292,66,1298,336,438,178,1,-1,-1,-1
292,73,892,311,119,99,1,-1,-1,-1
292,74,1055,307,130,103,1,-1,-1,-1
293,66,1133,339,431,176,1,-1,-1,-1
293,73,896,307,119,107,1,-1,-1,-1
293,74,1055,307,131,101,1,-1,-1,-1
294,66,968,342,426,175,1,-1,-1,-1
294,73,886,311,132,102,1,-1,-1,-1
295,66,793,344,423,170,1,-1,-1,-1
296,66,618,347,419,166,1,-1,-1,-1
296,74,1053,305,135,95,1,-1,-1,-1
297,66,443,349,416,161,1,-1,-1,-1
297,73,894,309,121,101,1,-1,-1,-1
297,74,1056,307,130,103,1,-1,-1,-1
298,66,282,356,406,162,1,-1,-1,-1
298,73,896,308,119,106,1,-1,-1,-1
298,74,1057,307,129,103,1,-1,-1,-1
299,66,121,362,396,162,1,-1,-1,-1
299,73,896,308,119,106,1,-1,-1,-1
299,74,1057,307,128,103,1,-1,-1,-1
300,66,0,366,349,156,1,-1,-1,-1
300,73,896,308,119,106,1,-1,-1,-1
300,74,1057,307,128,102,1,-1,-1,-1
301,73,896,308,118,106,1,-1,-1,-1
301,74,1056,307,128,102,1,-1,-1,-1
302,73,892,310,119,100,1,-1,-1,-1
302,74,1056,307,128,103,1,-1,-1,-1
303,73,892,310,119,100,1,-1,-1,-1
303,74,1056,307,128,103,1,-1,-1,-1
304,73,892,310,119,100,1,-1,-1,-1
304,74,1056,307,128,103,1,-1,-1,-1
305,73,892,310,119,100,1,-1,-1,-1
305,74,1056,307,129,103,1,-1,-1,-1
306,73,892,310,119,100,1,-1,-1,-1
306,74,1056,307,129,103,1,-1,-1,-1
307,73,892,310,119,100,1,-1,-1,-1
307,74,1056,307,129,103,1,-1,-1,-1
308,73,892,310,119,100,1,-1,-1,-1
308,74,1056,307,129,103,1,-1,-1,-1
309,73,892,310,119,100,1,-1,-1,-1
309,74,1056,307,128,103,1,-1,-1,-1
310,73,892,310,119,100,1,-1,-1,-1
310,74,1056,307,127,103,1,-1,-1,-1
311,73,892,309,119,100,1,-1,-1,-1
311,74,1056,307,127,103,1,-1,-1,-1
312,73,892,309,119,100,1,-1,-1,-1
312,74,1056,307,128,103,1,-1,-1,-1
313,73,892,309,120,101,1,-1,-1,-1
313,74,1056,307,128,103,1,-1,-1,-1
314,73,892,309,120,101,1,-1,-1,-1
314,74,1056,307,127,103,1,-1,-1,-1
315,73,891,309,120,100,1,-1,-1,-1
315,74,1056,307,127,103,1,-1,-1,-1
316,73,891,309,120,101,1,-1,-1,-1
316,74,1056,307,127,103,1,-1,-1,-1
317,73,892,309,120,101,1,-1,-1,-1
317,74,1056,307,127,103,1,-1,-1,-1
318,73,892,309,120,101,1,-1,-1,-1
318,74,1056,307,128,103,1,-1,-1,-1
319,73,892,309,120,101,1,-1,-1,-1
319,74,1056,307,128,103,1,-1,-1,-1
320,73,891,309,120,101,1,-1,-1,-1
320,74,1056,307,128,103,1,-1,-1,-1
321,73,891,309,120,100,1,-1,-1,-1
321,74,1056,307,128,105,1,-1,-1,-1
322,73,892,309,120,101,1,-1,-1,-1
322,74,1056,307,128,105,1,-1,-1,-1
323,73,892,309,120,101,1,-1,-1,-1
323,74,1056,307,128,103,1,-1,-1,-1
324,67,49,500,699,285,1,-1,-1,-1
324,73,892,309,119,101,1,-1,-1,-1
324,74,1056,307,129,103,1,-1,-1,-1
325,67,329,499,699,284,1,-1,-1,-1
325,73,896,307,118,106,1,-1,-1,-1
325,74,1056,307,129,102,1,-1,-1,-1
326,67,609,498,700,283,1,-1,-1,-1
326,73,896,307,119,107,1,-1,-1,-1
326,74,1056,307,129,103,1,-1,-1,-1
327,67,889,497,701,282,1,-1,-1,-1
327,73,896,307,119,106,1,-1,-1,-1
327,74,1056,307,129,103,1,-1,-1,-1
328,67,1170,497,702,281,1,-1,-1,-1
328,73,896,307,118,106,1,-1,-1,-1
328,74,1056,307,130,103,1,-1,-1,-1
329,73,896,308,118,105,1,-1,-1,-1
329,74,1056,307,129,103,1,-1,-1,-1
330,73,896,308,118,105,1,-1,-1,-1
330,74,1056,307,129,102,1,-1,-1,-1
331,68,1588,333,331,144,1,-1,-1,-1
331,73,896,308,118,105,1,-1,-1,-1
331,74,1056,308,130,102,1,-1,-1,-1
332,68,1427,335,339,144,1,-1,-1,-1
332,73,896,307,118,106,1,-1,-1,-1
332,74,1056,307,130,102,1,-1,-1,-1
333,68,1266,338,337,144,1,-1,-1,-1
333,73,896,307,118,107,1,-1,-1,-1
333,74,1054,308,133,101,1,-1,-1,-1
334,68,1105,340,336,144,1,-1,-1,-1
334,73,896,308,119,105,1,-1,-1,-1
334,74,1055,308,132,101,1,-1,-1,-1
335,68,937,340,336,146,1,-1,-1,-1
335,73,895,309,119,104,1,-1,-1,-1
336,68,769,340,336,147,1,-1,-1,-1
336,74,1056,308,131,102,1,-1,-1,-1
337,68,600,340,336,149,1,-1,-1,-1
337,73,894,310,119,101,1,-1,-1,-1
337,74,1057,308,130,102,1,-1,-1,-1
338,68,432,340,336,150,1,-1,-1,-1
338,73,893,310,119,99,1,-1,-1,-1
338,74,1056,308,129,102,1,-1,-1,-1
339,68,282,346,323,147,1,-1,-1,-1
339,73,896,306,119,107,1,-1,-1,-1
339,74,1057,307,129,102,1,-1,-1,-1
340,68,132,351,310,143,1,-1,-1,-1
340,73,896,307,119,107,1,-1,-1,-1
340,74,1057,307,129,102,1,-1,-1,-1
341,68,0,358,287,142,1,-1,-1,-1
341,73,891,309,119,102,1,-1,-1,-1
341,74,1057,308,129,102,1,-1,-1,-1
342,73,891,309,119,101,1,-1,-1,-1
342,74,1057,307,129,102,1,-1,-1,-1
343,73,896,307,118,106,1,-1,-1,-1
343,74,1057,307,129,102,1,-1,-1,-1
344,73,896,307,118,106,1,-1,-1,-1
344,74,1057,307,128,102,1,-1,-1,-1
345,73,896,307,118,106,1,-1,-1,-1
345,74,1057,307,128,102,1,-1,-1,-1
346,73,896,307,118,106,1,-1,-1,-1
346,74,1057,307,128,102,1,-1,-1,-1
347,73,896,307,118,106,1,-1,-1,-1
347,74,1057,307,129,102,1,-1,-1,-1
348,73,896,307,118,106,1,-1,-1,-1
348,74,1056,307,129,102,1,-1,-1,-1
349,73,896,307,119,106,1,-1,-1,-1
349,74,1056,307,129,102,1,-1,-1,-1
350,69,38,546,609,240,1,-1,-1,-1
350,73,896,307,118,107,1,-1,-1,-1
350,74,1056,307,129,103,1,-1,-1,-1
351,69,284,540,615,243,1,-1,-1,-1
351,73,892,308,119,101,1,-1,-1,-1
351,74,1056,307,129,103,1,-1,-1,-1
352,69,531,534,622,248,1,-1,-1,-1
352,73,896,307,119,107,1,-1,-1,-1
352,74,1056,307,129,103,1,-1,-1,-1
353,69,776,528,628,252,1,-1,-1,-1
353,73,896,307,119,106,1,-1,-1,-1
353,74,1056,307,129,105,1,-1,-1,-1
354,69,1023,521,635,256,1,-1,-1,-1
354,73,895,307,119,106,1,-1,-1,-1
354,74,1056,307,129,105,1,-1,-1,-1
355,69,1304,540,583,232,1,-1,-1,-1
355,73,892,309,119,100,1,-1,-1,-1
355,74,1056,307,129,105,1,-1,-1,-1
356,73,892,309,119,100,1,-1,-1,-1
356,74,1056,307,129,103,1,-1,-1,-1
357,73,892,309,119,100,1,-1,-1,-1
357,74,1056,307,129,103,1,-1,-1,-1
358,73,892,311,119,99,1,-1,-1,-1
358,74,1056,307,129,103,1,-1,-1,-1
359,73,892,311,118,99,1,-1,-1,-1
359,74,1056,307,129,103,1,-1,-1,-1
360,73,892,311,119,99,1,-1,-1,-1
360,74,1056,307,129,102,1,-1,-1,-1
361,73,892,311,119,99,1,-1,-1,-1
361,74,1056,307,129,102,1,-1,-1,-1
362,73,892,311,119,99,1,-1,-1,-1
362,74,1056,307,129,102,1,-1,-1,-1
363,73,892,309,119,100,1,-1,-1,-1
363,74,1056,307,129,102,1,-1,-1,-1
364,73,896,307,118,106,1,-1,-1,-1
364,74,1056,307,129,102,1,-1,-1,-1
365,73,896,308,118,106,1,-1,-1,-1
365,74,1056,307,128,102,1,-1,-1,-1
366,73,896,308,118,106,1,-1,-1,-1
366,74,1057,307,128,102,1,-1,-1,-1
367,73,892,310,119,100,1,-1,-1,-1
367,74,1057,307,128,102,1,-1,-1,-1
368,73,892,310,119,100,1,-1,-1,-1
368,74,1057,307,128,102,1,-1,-1,-1
369,73,892,310,119,100,1,-1,-1,-1
369,74,1057,307,128,103,1,-1,-1,-1
370,73,892,310,119,100,1,-1,-1,-1
370,74,1057,307,128,103,1,-1,-1,-1
371,73,893,310,119,100,1,-1,-1,-1
371,74,1057,307,128,103,1,-1,-1,-1
372,73,893,309,118,100,1,-1,-1,-1
372,74,1057,307,128,103,1,-1,-1,-1
373,73,892,309,118,100,1,-1,-1,-1
373,74,1057,307,128,103,1,-1,-1,-1
374,73,892,309,118,100,1,-1,-1,-1
374,74,1057,307,128,103,1,-1,-1,-1
375,73,892,310,118,100,1,-1,-1,-1
375,74,1057,307,128,103,1,-1,-1,-1
376,73,892,310,118,100,1,-1,-1,-1
376,74,1057,307,128,103,1,-1,-1,-1
377,73,892,310,118,100,1,-1,-1,-1
377,74,1057,307,128,103,1,-1,-1,-1
378,73,892,310,118,100,1,-1,-1,-1
378,74,1057,307,128,102,1,-1,-1,-1
379,73,892,310,118,100,1,-1,-1,-1
379,74,1057,307,128,102,1,-1,-1,-1
380,73,892,309,118,100,1,-1,-1,-1
380,74,1057,307,129,102,1,-1,-1,-1
381,73,892,309,119,100,1,-1,-1,-1
381,74,1057,307,128,102,1,-1,-1,-1
382,73,892,309,119,100,1,-1,-1,-1
382,74,1057,307,128,102,1,-1,-1,-1
383,73,892,309,119,101,1,-1,-1,-1
383,74,1057,307,128,103,1,-1,-1,-1
384,73,896,308,119,106,1,-1,-1,-1
384,74,1058,307,129,103,1,-1,-1,-1
385,73,896,308,120,106,1,-1,-1,-1
385,74,1058,307,131,103,1,-1,-1,-1
386,73,897,309,121,105,1,-1,-1,-1
386,74,1059,308,133,103,1,-1,-1,-1
387,73,897,310,121,106,1,-1,-1,-1
387,74,1060,309,135,103,1,-1,-1,-1
388,73,897,312,122,105,1,-1,-1,-1
388,74,1060,309,138,103,1,-1,-1,-1
389,73,901,318,122,99,1,-1,-1,-1
389,74,1060,310,140,102,1,-1,-1,-1
390,73,901,321,123,96,1,-1,-1,-1
390,74,1061,310,142,102,1,-1,-1,-1
391,73,902,321,122,98,1,-1,-1,-1
391,74,1062,311,143,103,1,-1,-1,-1
392,73,903,322,122,98,1,-1,-1,-1
392,74,1061,311,146,103,1,-1,-1,-1
393,73,904,320,123,101,1,-1,-1,-1
393,74,1063,312,147,102,1,-1,-1,-1
394,73,906,321,124,101,1,-1,-1,-1
394,74,1064,313,150,101,1,-1,-1,-1
395,73,907,322,127,105,1,-1,-1,-1
395,74,1066,313,149,102,1,-1,-1,-1
396,73,909,324,129,106,1,-1,-1,-1
396,74,1070,313,160,105,1,-1,-1,-1
397,73,910,327,133,107,1,-1,-1,-1
397,74,1072,316,163,102,1,-1,-1,-1
398,73,911,330,135,106,1,-1,-1,-1
398,74,1075,316,163,102,1,-1,-1,-1
399,73,912,332,140,106,1,-1,-1,-1
399,74,1080,317,162,102,1,-1,-1,-1
400,73,914,334,142,105,1,-1,-1,-1
400,74,1082,317,165,106,1,-1,-1,-1
401,73,915,336,146,102,1,-1,-1,-1
401,74,1083,318,169,105,1,-1,-1,-1
402,73,919,337,146,116,1,-1,-1,-1
402,74,1087,320,173,106,1,-1,-1,-1
403,73,924,341,152,113,1,-1,-1,-1
403,74,1091,321,171,106,1,-1,-1,-1
404,73,923,343,158,113,1,-1,-1,-1
404,74,1099,326,173,109,1,-1,-1,-1
405,73,924,345,165,113,1,-1,-1,-1
405,74,1101,327,179,110,1,-1,-1,-1
406,73,923,347,173,117,1,-1,-1,-1
406,74,1105,328,186,112,1,-1,-1,-1
407,73,925,349,182,121,1,-1,-1,-1
407,74,1112,329,187,113,1,-1,-1,-1
408,73,929,352,186,124,1,-1,-1,-1
408,74,1121,331,182,111,1,-1,-1,-1
409,73,935,356,185,127,1,-1,-1,-1
409,74,1130,334,195,109,1,-1,-1,-1
410,73,952,358,179,132,1,-1,-1,-1
410,74,1133,338,215,116,1,-1,-1,-1
411,73,955,366,190,135,1,-1,-1,-1
411,74,1138,338,220,118,1,-1,-1,-1
412,73,960,368,197,138,1,-1,-1,-1
412,74,1161,342,221,113,1,-1,-1,-1
413,73,964,373,197,136,1,-1,-1,-1
413,74,1168,342,227,117,1,-1,-1,-1
414,73,978,375,208,149,1,-1,-1,-1
414,74,1182,344,250,119,1,-1,-1,-1
415,73,979,383,221,145,1,-1,-1,-1
415,74,1186,346,260,121,1,-1,-1,-1
416,73,985,391,229,157,1,-1,-1,-1
416,74,1212,346,267,124,1,-1,-1,-1
417,73,1007,393,232,167,1,-1,-1,-1
417,74,1243,350,271,128,1,-1,-1,-1
418,73,1008,397,263,175,1,-1,-1,-1
418,74,1239,355,297,125,1,-1,-1,-1
419,73,1019,407,273,179,1,-1,-1,-1
419,74,1259,350,336,141,1,-1,-1,-1
420,73,1024,414,290,191,1,-1,-1,-1
420,74,1281,354,337,144,1,-1,-1,-1
421,73,1054,423,295,201,1,-1,-1,-1
421,74,1320,362,354,138,1,-1,-1,-1
422,73,1059,445,330,205,1,-1,-1,-1
422,74,1349,365,341,142,1,-1,-1,-1
423,73,1067,453,350,210,1,-1,-1,-1
423,74,1386,368,371,138,1,-1,-1,-1
424,73,1103,460,364,240,1,-1,-1,-1
424,74,1414,372,361,142,1,-1,-1,-1
425,73,1122,471,367,248,1,-1,-1,-1
425,74,1461,373,381,145,1,-1,-1,-1
426,73,1154,498,413,264,1,-1,-1,-1
426,74,1483,380,380,146,1,-1,-1,-1
427,73,1191,525,442,283,1,-1,-1,-1
427,74,1547,382,368,151,1,-1,-1,-1
428,73,1228,552,470,303,1,-1,-1,-1
428,74,1584,379,336,168,1,-1,-1,-1
429,73,1265,579,499,322,1,-1,-1,-1
429,74,1636,391,284,155,1,-1,-1,-1
430,73,1302,606,527,341,1,-1,-1,-1
431,73,1367,631,542,332,1,-1,-1,-1
432,73,1435,658,485,372,1,-1,-1,-1
446,70,0,588,478,332,1,-1,-1,-1
447,70,0,592,535,342,1,-1,-1,-1
448,70,0,595,587,351,1,-1,-1,-1
449,70,25,604,631,345,1,-1,-1,-1
450,70,64,609,644,361,1,-1,-1,-1
451,70,98,615,646,376,1,-1,-1,-1
452,70,163,616,673,414,1,-1,-1,-1
453,70,208,626,672,421,1,-1,-1,-1
454,70,279,635,710,440,1,-1,-1,-1
455,70,311,647,735,433,1,-1,-1,-1
456,70,391,661,762,419,1,-1,-1,-1
457,70,446,690,751,390,1,-1,-1,-1
458,70,507,702,787,378,1,-1,-1,-1
459,70,568,725,822,355,1,-1,-1,-1
522,52,1670,420,250,172,1,-1,-1,-1
523,52,1643,415,277,164,1,-1,-1,-1
524,52,1591,405,327,161,1,-1,-1,-1
525,52,1565,397,338,155,1,-1,-1,-1
526,52,1540,386,325,154,1,-1,-1,-1
527,52,1514,374,311,153,1,-1,-1,-1
528,52,1496,366,305,150,1,-1,-1,-1
529,52,1468,366,279,142,1,-1,-1,-1
530,52,1444,346,284,158,1,-1,-1,-1
531,52,1434,354,262,135,1,-1,-1,-1
532,52,1414,348,242,135,1,-1,-1,-1
533,52,1412,343,227,132,1,-1,-1,-1
534,52,1387,340,216,124,1,-1,-1,-1
535,52,1362,335,209,123,1,-1,-1,-1
536,52,1354,333,201,111,1,-1,-1,-1
537,52,1328,328,196,116,1,-1,-1,-1
538,52,1319,325,194,114,1,-1,-1,-1
538,53,1621,379,299,212,1,-1,-1,-1
539,52,1298,322,188,108,1,-1,-1,-1
539,53,1568,365,351,218,1,-1,-1,-1
540,52,1292,318,183,107,1,-1,-1,-1
540,53,1546,347,371,215,1,-1,-1,-1
541,52,1272,316,169,105,1,-1,-1,-1
541,53,1492,345,380,205,1,-1,-1,-1
542,52,1262,313,171,105,1,-1,-1,-1
542,53,1481,339,359,198,1,-1,-1,-1
543,52,1258,311,161,103,1,-1,-1,-1
543,53,1460,334,363,194,1,-1,-1,-1
544,52,1243,307,155,105,1,-1,-1,-1
544,53,1430,332,327,179,1,-1,-1,-1
545,52,1235,305,147,103,1,-1,-1,-1
545,53,1413,328,317,171,1,-1,-1,-1
546,52,1226,304,145,97,1,-1,-1,-1
546,53,1387,320,295,169,1,-1,-1,-1
547,52,1210,304,147,91,1,-1,-1,-1
547,53,1374,319,279,165,1,-1,-1,-1
548,52,1207,302,138,89,1,-1,-1,-1
548,53,1370,319,244,154,1,-1,-1,-1
549,52,1199,300,135,88,1,-1,-1,-1
549,53,1352,317,241,148,1,-1,-1,-1
550,52,1190,297,133,87,1,-1,-1,-1
550,53,1333,314,238,142,1,-1,-1,-1
551,52,1182,295,130,86,1,-1,-1,-1
551,53,1303,310,237,140,1,-1,-1,-1
552,52,1173,292,128,86,1,-1,-1,-1
552,53,1304,307,218,139,1,-1,-1,-1
553,52,1165,290,125,85,1,-1,-1,-1
553,53,1282,305,210,131,1,-1,-1,-1
554,52,1156,287,123,84,1,-1,-1,-1
554,53,1280,303,196,129,1,-1,-1,-1
555,52,1148,285,120,83,1,-1,-1,-1
555,53,1250,301,204,124,1,-1,-1,-1
555,75,1683,409,237,165,1,-1,-1,-1
556,52,1146,284,116,79,1,-1,-1,-1
556,53,1246,299,193,122,1,-1,-1,-1
556,75,1655,405,265,152,1,-1,-1,-1
556,78,863,252,77,67,1,-1,-1,-1
557,52,1143,283,109,78,1,-1,-1,-1
557,53,1225,297,189,123,1,-1,-1,-1
557,75,1598,396,316,157,1,-1,-1,-1
557,78,862,252,77,68,1,-1,-1,-1
558,52,1138,281,103,75,1,-1,-1,-1
558,53,1217,285,183,131,1,-1,-1,-1
558,75,1583,378,298,157,1,-1,-1,-1
558,78,861,253,77,69,1,-1,-1,-1
559,52,1134,279,97,71,1,-1,-1,-1
559,53,1214,284,172,130,1,-1,-1,-1
559,75,1559,372,311,156,1,-1,-1,-1
559,78,860,252,77,70,1,-1,-1,-1
560,52,1129,277,91,68,1,-1,-1,-1
560,53,1203,287,164,118,1,-1,-1,-1
560,75,1524,362,294,161,1,-1,-1,-1
560,78,856,253,79,72,1,-1,-1,-1
561,52,1125,275,90,68,1,-1,-1,-1
561,53,1195,283,163,117,1,-1,-1,-1
561,75,1505,367,273,139,1,-1,-1,-1
561,78,854,253,81,73,1,-1,-1,-1
562,52,1120,274,89,67,1,-1,-1,-1
562,53,1192,281,154,114,1,-1,-1,-1
562,75,1481,367,255,131,1,-1,-1,-1
562,78,852,255,85,73,1,-1,-1,-1
563,52,1116,272,88,67,1,-1,-1,-1
563,53,1176,278,145,111,1,-1,-1,-1
563,75,1476,353,250,138,1,-1,-1,-1
563,78,851,254,85,75,1,-1,-1,-1
564,52,1111,271,87,66,1,-1,-1,-1
564,53,1168,277,143,110,1,-1,-1,-1
564,75,1447,348,242,133,1,-1,-1,-1
564,78,850,255,86,75,1,-1,-1,-1
565,52,1107,269,85,66,1,-1,-1,-1
565,53,1160,275,141,109,1,-1,-1,-1
565,75,1426,343,222,127,1,-1,-1,-1
565,78,849,257,87,75,1,-1,-1,-1
566,52,1102,267,84,65,1,-1,-1,-1
566,53,1151,274,138,108,1,-1,-1,-1
566,75,1418,338,220,125,1,-1,-1,-1
566,78,848,260,88,74,1,-1,-1,-1
567,52,1098,266,83,65,1,-1,-1,-1
567,53,1143,272,136,107,1,-1,-1,-1
567,75,1393,336,212,123,1,-1,-1,-1
567,78,846,260,89,76,1,-1,-1,-1
568,52,1093,264,82,64,1,-1,-1,-1
568,53,1139,271,132,103,1,-1,-1,-1
568,75,1377,333,206,119,1,-1,-1,-1
568,78,846,260,88,78,1,-1,-1,-1
569,53,1133,270,128,101,1,-1,-1,-1
569,75,1360,330,200,114,1,-1,-1,-1
569,78,846,261,90,78,1,-1,-1,-1
570,53,1128,268,125,95,1,-1,-1,-1
570,75,1355,329,189,112,1,-1,-1,-1
570,78,846,266,92,75,1,-1,-1,-1
571,53,1120,269,125,91,1,-1,-1,-1
571,75,1329,324,189,108,1,-1,-1,-1
571,78,846,267,94,74,1,-1,-1,-1
572,53,1111,269,124,87,1,-1,-1,-1
572,75,1326,320,177,109,1,-1,-1,-1
572,78,846,267,95,76,1,-1,-1,-1
573,53,1106,268,122,86,1,-1,-1,-1
573,75,1301,316,178,106,1,-1,-1,-1
573,78,845,267,97,77,1,-1,-1,-1
574,53,1101,266,119,84,1,-1,-1,-1
574,75,1295,315,169,103,1,-1,-1,-1
574,78,845,267,99,76,1,-1,-1,-1
575,53,1096,265,117,83,1,-1,-1,-1
575,75,1274,313,166,103,1,-1,-1,-1
575,76,1668,381,252,194,1,-1,-1,-1
575,78,843,268,103,76,1,-1,-1,-1
576,53,1092,263,114,82,1,-1,-1,-1
576,75,1268,310,161,102,1,-1,-1,-1
576,76,1636,365,284,193,1,-1,-1,-1
576,78,842,268,107,77,1,-1,-1,-1
577,53,1087,262,112,81,1,-1,-1,-1
577,75,1261,308,154,102,1,-1,-1,-1
577,76,1584,357,332,193,1,-1,-1,-1
577,78,841,269,108,79,1,-1,-1,-1
578,53,1082,260,109,79,1,-1,-1,-1
578,75,1245,309,150,99,1,-1,-1,-1
578,76,1565,353,325,187,1,-1,-1,-1
578,78,839,270,109,81,1,-1,-1,-1
579,53,1077,259,107,78,1,-1,-1,-1
579,75,1235,303,149,97,1,-1,-1,-1
579,76,1513,347,337,179,1,-1,-1,-1
579,78,838,270,111,83,1,-1,-1,-1
580,53,1073,258,108,78,1,-1,-1,-1
580,75,1226,304,146,92,1,-1,-1,-1
580,76,1503,342,314,172,1,-1,-1,-1
580,78,837,271,112,85,1,-1,-1,-1
581,53,1069,257,108,77,1,-1,-1,-1
581,75,1211,303,146,90,1,-1,-1,-1
581,76,1485,337,306,166,1,-1,-1,-1
581,78,835,272,113,86,1,-1,-1,-1
582,53,1065,256,109,77,1,-1,-1,-1
582,75,1207,300,139,90,1,-1,-1,-1
582,76,1459,332,279,164,1,-1,-1,-1
582,78,834,273,114,88,1,-1,-1,-1
583,53,1060,255,112,77,1,-1,-1,-1
583,75,1201,297,131,90,1,-1,-1,-1
583,76,1442,326,271,162,1,-1,-1,-1
583,78,833,273,116,90,1,-1,-1,-1
584,53,1055,255,114,77,1,-1,-1,-1
584,75,1195,291,132,91,1,-1,-1,-1
584,76,1438,326,251,151,1,-1,-1,-1
584,78,831,274,117,92,1,-1,-1,-1
585,53,1054,251,113,78,1,-1,-1,-1
585,75,1181,288,128,92,1,-1,-1,-1
585,76,1410,322,246,147,1,-1,-1,-1
585,78,830,275,118,94,1,-1,-1,-1
586,53,1051,250,107,77,1,-1,-1,-1
586,75,1174,286,125,90,1,-1,-1,-1
586,76,1391,317,242,146,1,-1,-1,-1
586,78,828,277,110,94,1,-1,-1,-1
587,53,1050,248,109,77,1,-1,-1,-1
587,75,1166,285,127,88,1,-1,-1,-1
587,76,1371,311,237,144,1,-1,-1,-1
587,78,827,277,112,97,1,-1,-1,-1
588,53,1051,249,103,74,1,-1,-1,-1
588,75,1159,286,131,81,1,-1,-1,-1
588,76,1354,312,219,132,1,-1,-1,-1
588,78,823,280,112,97,1,-1,-1,-1
589,53,1053,249,97,72,1,-1,-1,-1
589,75,1141,288,133,80,1,-1,-1,-1
589,76,1350,307,209,131,1,-1,-1,-1
589,78,818,282,114,97,1,-1,-1,-1
590,53,1052,248,94,70,1,-1,-1,-1
590,75,1136,286,131,78,1,-1,-1,-1
590,76,1322,302,206,129,1,-1,-1,-1
590,78,809,283,127,101,1,-1,-1,-1
591,53,1051,247,91,67,1,-1,-1,-1
591,75,1135,285,120,77,1,-1,-1,-1
591,76,1316,301,197,128,1,-1,-1,-1
591,78,798,284,132,103,1,-1,-1,-1
592,53,1050,246,88,65,1,-1,-1,-1
592,75,1130,281,120,80,1,-1,-1,-1
592,76,1291,301,197,122,1,-1,-1,-1
592,78,787,285,136,105,1,-1,-1,-1
593,53,1049,245,85,62,1,-1,-1,-1
593,75,1127,278,110,78,1,-1,-1,-1
593,76,1288,302,187,119,1,-1,-1,-1
593,78,777,286,141,106,1,-1,-1,-1
594,53,1048,244,83,62,1,-1,-1,-1
594,75,1124,275,100,75,1,-1,-1,-1
594,76,1261,299,190,120,1,-1,-1,-1
594,77,1638,364,282,219,1,-1,-1,-1
594,78,766,287,145,108,1,-1,-1,-1
595,53,1048,243,82,62,1,-1,-1,-1
595,75,1119,276,102,75,1,-1,-1,-1
595,76,1256,300,185,117,1,-1,-1,-1
595,77,1580,347,339,215,1,-1,-1,-1
595,78,755,288,150,110,1,-1,-1,-1
596,53,1047,242,80,62,1,-1,-1,-1
596,75,1113,276,102,72,1,-1,-1,-1
596,76,1252,293,167,117,1,-1,-1,-1
596,77,1559,338,361,217,1,-1,-1,-1
596,78,744,289,154,112,1,-1,-1,-1
597,53,1046,242,78,63,1,-1,-1,-1
597,75,1107,275,102,72,1,-1,-1,-1
597,76,1233,291,172,111,1,-1,-1,-1
597,77,1535,331,367,212,1,-1,-1,-1
597,78,734,290,159,113,1,-1,-1,-1
598,53,1045,241,76,63,1,-1,-1,-1
598,75,1104,273,100,74,1,-1,-1,-1
598,76,1222,288,172,109,1,-1,-1,-1
598,77,1496,330,347,197,1,-1,-1,-1
598,78,723,291,163,115,1,-1,-1,-1
598,81,857,262,83,74,1,-1,-1,-1
599,53,1045,240,75,63,1,-1,-1,-1
599,75,1102,272,94,71,1,-1,-1,-1
599,76,1215,285,167,107,1,-1,-1,-1
599,77,1482,327,329,185,1,-1,-1,-1
599,78,712,292,168,117,1,-1,-1,-1
599,81,857,264,84,75,1,-1,-1,-1
600,53,1044,239,73,63,1,-1,-1,-1
600,75,1100,272,87,68,1,-1,-1,-1
600,76,1206,282,154,106,1,-1,-1,-1
600,77,1451,323,315,174,1,-1,-1,-1
600,78,702,293,172,114,1,-1,-1,-1
600,81,858,265,84,77,1,-1,-1,-1
601,53,1045,239,72,62,1,-1,-1,-1
601,75,1098,271,81,65,1,-1,-1,-1
601,76,1198,281,151,105,1,-1,-1,-1
601,77,1433,322,306,165,1,-1,-1,-1
601,78,679,298,184,116,1,-1,-1,-1
601,81,858,267,85,78,1,-1,-1,-1
602,53,1045,238,70,61,1,-1,-1,-1
602,75,1095,269,84,65,1,-1,-1,-1
602,76,1192,278,145,105,1,-1,-1,-1
602,77,1419,319,295,161,1,-1,-1,-1
602,78,655,302,196,118,1,-1,-1,-1
602,81,856,270,89,76,1,-1,-1,-1
603,53,1046,238,69,60,1,-1,-1,-1
603,75,1093,267,84,64,1,-1,-1,-1
603,76,1181,276,140,109,1,-1,-1,-1
603,77,1388,304,281,162,1,-1,-1,-1
603,78,626,304,207,121,1,-1,-1,-1
603,81,855,272,93,74,1,-1,-1,-1
604,53,1046,237,67,59,1,-1,-1,-1
604,75,1090,266,83,62,1,-1,-1,-1
604,76,1179,272,133,110,1,-1,-1,-1
604,77,1376,303,266,157,1,-1,-1,-1
604,78,610,304,218,122,1,-1,-1,-1
604,81,853,275,97,72,1,-1,-1,-1
605,53,1047,237,66,58,1,-1,-1,-1
605,75,1089,265,82,62,1,-1,-1,-1
605,76,1173,271,131,108,1,-1,-1,-1
605,77,1369,307,246,147,1,-1,-1,-1
605,78,581,308,215,121,1,-1,-1,-1
605,81,854,275,96,73,1,-1,-1,-1
606,53,1047,236,64,57,1,-1,-1,-1
606,75,1087,264,80,61,1,-1,-1,-1
606,76,1167,270,127,106,1,-1,-1,-1
606,77,1351,302,221,142,1,-1,-1,-1
606,78,566,307,226,123,1,-1,-1,-1
606,81,854,275,95,74,1,-1,-1,-1
607,53,1048,236,63,56,1,-1,-1,-1
607,75,1086,263,79,61,1,-1,-1,-1
607,76,1160,271,128,100,1,-1,-1,-1
607,77,1346,302,213,139,1,-1,-1,-1
607,78,530,309,237,125,1,-1,-1,-1
607,81,855,276,94,74,1,-1,-1,-1
608,75,1084,262,78,60,1,-1,-1,-1
608,76,1148,270,124,100,1,-1,-1,-1
608,77,1316,296,212,139,1,-1,-1,-1
608,78,506,312,242,127,1,-1,-1,-1
608,81,852,277,97,76,1,-1,-1,-1
609,75,1083,261,76,60,1,-1,-1,-1
609,76,1146,267,121,98,1,-1,-1,-1
609,77,1313,296,202,134,1,-1,-1,-1
609,78,482,314,246,129,1,-1,-1,-1
609,81,849,279,100,78,1,-1,-1,-1
610,75,1082,260,75,59,1,-1,-1,-1
610,76,1140,266,119,97,1,-1,-1,-1
610,77,1281,295,212,130,1,-1,-1,-1
610,78,451,319,245,129,1,-1,-1,-1
610,81,846,280,104,81,1,-1,-1,-1
611,75,1080,258,74,59,1,-1,-1,-1
611,76,1135,265,117,95,1,-1,-1,-1
611,77,1276,283,202,138,1,-1,-1,-1
611,78,403,320,267,131,1,-1,-1,-1
611,81,843,282,107,83,1,-1,-1,-1
612,75,1079,257,73,58,1,-1,-1,-1
612,76,1130,264,114,92,1,-1,-1,-1
612,77,1255,284,200,131,1,-1,-1,-1
612,78,360,325,294,133,1,-1,-1,-1
612,81,840,283,110,85,1,-1,-1,-1
613,75,1078,256,71,58,1,-1,-1,-1
613,76,1125,264,112,90,1,-1,-1,-1
613,77,1245,283,201,131,1,-1,-1,-1
613,78,316,330,320,135,1,-1,-1,-1
613,81,838,282,110,89,1,-1,-1,-1
614,75,1076,255,70,57,1,-1,-1,-1
614,76,1119,263,110,87,1,-1,-1,-1
614,77,1244,285,185,125,1,-1,-1,-1
614,78,278,333,324,134,1,-1,-1,-1
614,81,837,281,111,92,1,-1,-1,-1
615,75,1075,254,69,57,1,-1,-1,-1
615,76,1114,262,107,85,1,-1,-1,-1
615,77,1226,282,180,119,1,-1,-1,-1
615,78,240,335,328,133,1,-1,-1,-1
615,81,835,280,111,96,1,-1,-1,-1
616,75,1073,253,67,56,1,-1,-1,-1
616,76,1109,261,105,82,1,-1,-1,-1
616,77,1217,281,178,117,1,-1,-1,-1
616,78,201,337,334,132,1,-1,-1,-1
616,81,832,281,112,96,1,-1,-1,-1
617,75,1072,252,66,56,1,-1,-1,-1
617,76,1106,261,103,80,1,-1,-1,-1
617,77,1213,278,171,117,1,-1,-1,-1
617,78,161,339,339,131,1,-1,-1,-1
617,81,830,283,103,97,1,-1,-1,-1
618,76,1103,261,101,79,1,-1,-1,-1
618,77,1197,275,166,113,1,-1,-1,-1
618,78,121,341,344,132,1,-1,-1,-1
618,81,825,287,108,94,1,-1,-1,-1
619,76,1100,261,100,77,1,-1,-1,-1
619,77,1191,274,162,112,1,-1,-1,-1
619,78,81,343,349,132,1,-1,-1,-1
619,81,817,291,112,92,1,-1,-1,-1
620,76,1096,261,98,75,1,-1,-1,-1
620,77,1186,272,155,113,1,-1,-1,-1
620,78,49,348,311,128,1,-1,-1,-1
620,81,809,294,116,94,1,-1,-1,-1
621,76,1093,261,96,74,1,-1,-1,-1
621,77,1180,268,141,116,1,-1,-1,-1
621,78,10,344,328,136,1,-1,-1,-1
621,81,799,292,123,101,1,-1,-1,-1
622,76,1090,261,94,72,1,-1,-1,-1
622,77,1177,266,135,116,1,-1,-1,-1
622,78,0,350,295,131,1,-1,-1,-1
622,81,792,294,127,101,1,-1,-1,-1
623,76,1087,261,92,69,1,-1,-1,-1
623,77,1170,266,132,112,1,-1,-1,-1
623,78,0,352,240,138,1,-1,-1,-1
623,81,777,296,135,107,1,-1,-1,-1
624,76,1082,260,92,68,1,-1,-1,-1
624,77,1161,266,135,109,1,-1,-1,-1
624,81,769,296,140,108,1,-1,-1,-1
625,76,1081,259,87,68,1,-1,-1,-1
625,77,1149,262,129,101,1,-1,-1,-1
625,81,755,296,147,110,1,-1,-1,-1
626,76,1080,257,84,68,1,-1,-1,-1
626,77,1145,264,127,99,1,-1,-1,-1
626,81,739,299,151,110,1,-1,-1,-1
627,76,1079,256,83,67,1,-1,-1,-1
627,77,1140,265,123,98,1,-1,-1,-1
627,81,723,301,156,110,1,-1,-1,-1
628,76,1077,255,81,67,1,-1,-1,-1
628,77,1135,263,121,98,1,-1,-1,-1
628,81,707,304,160,110,1,-1,-1,-1
629,76,1076,253,80,66,1,-1,-1,-1
629,77,1130,262,120,97,1,-1,-1,-1
629,81,677,308,175,111,1,-1,-1,-1
630,76,1074,252,79,65,1,-1,-1,-1
630,77,1125,260,118,97,1,-1,-1,-1
630,81,662,308,187,111,1,-1,-1,-1
631,76,1073,251,77,64,1,-1,-1,-1
631,77,1120,258,116,97,1,-1,-1,-1
631,81,632,312,193,112,1,-1,-1,-1
632,76,1071,250,76,64,1,-1,-1,-1
632,77,1115,256,114,96,1,-1,-1,-1
632,81,618,311,206,116,1,-1,-1,-1
633,76,1070,248,74,63,1,-1,-1,-1
633,77,1110,255,113,96,1,-1,-1,-1
633,81,586,312,206,117,1,-1,-1,-1
634,76,1068,247,73,62,1,-1,-1,-1
634,77,1105,253,111,95,1,-1,-1,-1
634,81,571,312,216,120,1,-1,-1,-1
635,77,1100,251,109,95,1,-1,-1,-1
635,81,537,313,220,124,1,-1,-1,-1
636,77,1097,249,109,97,1,-1,-1,-1
636,81,509,318,226,123,1,-1,-1,-1
637,77,1098,255,105,85,1,-1,-1,-1
637,81,480,322,232,122,1,-1,-1,-1
638,77,1093,242,98,99,1,-1,-1,-1
638,81,452,327,238,121,1,-1,-1,-1
639,77,1091,250,94,87,1,-1,-1,-1
639,81,407,335,254,119,1,-1,-1,-1
640,77,1090,250,91,85,1,-1,-1,-1
640,81,376,336,245,120,1,-1,-1,-1
641,77,1087,251,90,80,1,-1,-1,-1
641,81,329,337,266,121,1,-1,-1,-1
642,77,1086,252,89,77,1,-1,-1,-1
642,81,298,340,257,121,1,-1,-1,-1
643,77,1084,252,88,76,1,-1,-1,-1
643,81,260,343,256,120,1,-1,-1,-1
644,77,1082,251,88,76,1,-1,-1,-1
644,81,215,345,259,122,1,-1,-1,-1
645,77,1080,251,87,75,1,-1,-1,-1
645,81,170,346,263,124,1,-1,-1,-1
646,77,1078,250,86,74,1,-1,-1,-1
646,81,126,348,266,127,1,-1,-1,-1
647,77,1078,250,83,73,1,-1,-1,-1
647,81,81,349,270,129,1,-1,-1,-1
648,77,1077,249,82,72,1,-1,-1,-1
648,81,36,351,273,131,1,-1,-1,-1
649,77,1077,248,81,72,1,-1,-1,-1
649,81,0,352,250,140,1,-1,-1,-1
650,77,1076,248,80,71,1,-1,-1,-1
650,81,0,354,205,131,1,-1,-1,-1
651,77,1075,247,79,70,1,-1,-1,-1
652,77,1075,246,79,69,1,-1,-1,-1
653,77,1074,245,78,69,1,-1,-1,-1
654,77,1073,244,77,68,1,-1,-1,-1
655,77,1073,243,76,67,1,-1,-1,-1
656,77,1072,243,75,67,1,-1,-1,-1
656,80,1655,391,265,166,1,-1,-1,-1
657,77,1072,242,74,66,1,-1,-1,-1
657,80,1588,369,311,171,1,-1,-1,-1
657,86,889,235,70,65,1,-1,-1,-1
658,77,1071,241,73,65,1,-1,-1,-1
658,80,1567,363,314,167,1,-1,-1,-1
658,86,887,235,71,66,1,-1,-1,-1
659,77,1070,240,72,65,1,-1,-1,-1
659,80,1523,356,285,163,1,-1,-1,-1
659,86,884,235,73,67,1,-1,-1,-1
660,77,1070,239,72,64,1,-1,-1,-1
660,80,1500,347,294,160,1,-1,-1,-1
660,86,882,235,74,68,1,-1,-1,-1
661,77,1069,238,71,63,1,-1,-1,-1
661,80,1462,336,270,164,1,-1,-1,-1
661,86,880,236,75,68,1,-1,-1,-1
662,77,1068,238,70,62,1,-1,-1,-1
662,80,1464,338,211,143,1,-1,-1,-1
662,86,878,236,76,69,1,-1,-1,-1
663,77,1068,237,69,62,1,-1,-1,-1
663,80,1435,334,202,138,1,-1,-1,-1
663,86,875,236,78,70,1,-1,-1,-1
664,77,1067,236,68,61,1,-1,-1,-1
664,80,1415,329,199,132,1,-1,-1,-1
664,86,873,236,79,71,1,-1,-1,-1
665,77,1067,236,67,61,1,-1,-1,-1
665,80,1394,324,195,125,1,-1,-1,-1
665,86,872,238,78,71,1,-1,-1,-1
666,77,1068,235,66,60,1,-1,-1,-1
666,80,1365,323,191,121,1,-1,-1,-1
666,86,872,241,78,70,1,-1,-1,-1
667,77,1068,235,66,60,1,-1,-1,-1
667,80,1348,320,185,117,1,-1,-1,-1
667,86,871,243,77,70,1,-1,-1,-1
668,77,1069,234,65,60,1,-1,-1,-1
668,80,1331,317,179,113,1,-1,-1,-1
668,86,870,245,76,69,1,-1,-1,-1
669,77,1069,234,64,60,1,-1,-1,-1
669,80,1307,315,173,109,1,-1,-1,-1
669,86,870,248,76,69,1,-1,-1,-1
670,77,1070,233,63,59,1,-1,-1,-1
670,80,1299,312,168,109,1,-1,-1,-1
670,86,869,250,75,68,1,-1,-1,-1
671,77,1070,233,63,59,1,-1,-1,-1
671,80,1278,309,158,106,1,-1,-1,-1
671,86,868,249,76,72,1,-1,-1,-1
672,77,1070,233,62,59,1,-1,-1,-1
672,80,1269,308,154,105,1,-1,-1,-1
672,86,867,250,76,72,1,-1,-1,-1
673,77,1071,232,61,58,1,-1,-1,-1
673,80,1260,303,150,98,1,-1,-1,-1
673,86,866,250,77,73,1,-1,-1,-1
674,77,1071,232,60,58,1,-1,-1,-1
674,80,1239,303,151,94,1,-1,-1,-1
674,86,865,250,77,75,1,-1,-1,-1
675,77,1072,231,59,58,1,-1,-1,-1
675,80,1231,301,144,92,1,-1,-1,-1
675,86,864,249,79,77,1,-1,-1,-1
676,77,1072,231,59,58,1,-1,-1,-1
676,80,1217,295,136,94,1,-1,-1,-1
676,86,863,250,80,77,1,-1,-1,-1
677,77,1073,230,58,57,1,-1,-1,-1
677,80,1209,293,131,94,1,-1,-1,-1
677,86,861,252,83,76,1,-1,-1,-1
678,77,1073,230,57,57,1,-1,-1,-1
678,80,1199,289,129,92,1,-1,-1,-1
678,86,861,253,85,76,1,-1,-1,-1
679,80,1184,286,127,92,1,-1,-1,-1
679,86,860,254,86,77,1,-1,-1,-1
680,80,1177,284,124,91,1,-1,-1,-1
680,86,860,256,88,77,1,-1,-1,-1
681,80,1167,281,125,91,1,-1,-1,-1
681,86,859,257,90,77,1,-1,-1,-1
682,80,1160,280,130,87,1,-1,-1,-1
682,86,859,258,91,78,1,-1,-1,-1
683,80,1146,285,122,81,1,-1,-1,-1
683,86,858,259,93,78,1,-1,-1,-1
684,80,1144,283,113,79,1,-1,-1,-1
684,86,858,260,95,78,1,-1,-1,-1
685,80,1136,281,113,80,1,-1,-1,-1
685,82,1684,400,236,156,1,-1,-1,-1
685,86,857,261,96,79,1,-1,-1,-1
686,80,1137,272,101,78,1,-1,-1,-1
686,82,1653,397,267,142,1,-1,-1,-1
686,86,857,263,98,79,1,-1,-1,-1
687,80,1125,275,99,72,1,-1,-1,-1
687,82,1594,378,315,151,1,-1,-1,-1
687,86,856,264,100,79,1,-1,-1,-1
688,80,1117,274,106,73,1,-1,-1,-1
688,82,1571,369,318,151,1,-1,-1,-1
688,86,856,265,101,80,1,-1,-1,-1
689,80,1113,273,102,71,1,-1,-1,-1
689,82,1532,370,297,133,1,-1,-1,-1
689,86,855,266,103,80,1,-1,-1,-1
690,80,1109,272,98,70,1,-1,-1,-1
690,82,1503,350,308,150,1,-1,-1,-1
690,86,854,267,106,81,1,-1,-1,-1
691,80,1105,270,93,68,1,-1,-1,-1
691,82,1484,356,253,124,1,-1,-1,-1
691,86,855,267,105,84,1,-1,-1,-1
692,80,1101,269,89,67,1,-1,-1,-1
692,82,1479,348,246,134,1,-1,-1,-1
692,86,857,269,103,87,1,-1,-1,-1
693,80,1097,268,85,65,1,-1,-1,-1
693,82,1458,341,222,129,1,-1,-1,-1
693,86,857,269,104,89,1,-1,-1,-1
694,80,1094,268,84,64,1,-1,-1,-1
694,82,1430,337,212,127,1,-1,-1,-1
694,86,856,269,105,91,1,-1,-1,-1
695,80,1091,265,81,63,1,-1,-1,-1
695,82,1425,335,206,123,1,-1,-1,-1
695,86,855,268,106,95,1,-1,-1,-1
696,80,1087,264,81,63,1,-1,-1,-1
696,82,1392,336,210,118,1,-1,-1,-1
696,86,853,267,107,97,1,-1,-1,-1
697,80,1083,262,81,63,1,-1,-1,-1
697,82,1371,329,189,113,1,-1,-1,-1
697,86,852,266,107,99,1,-1,-1,-1
698,80,1081,261,79,64,1,-1,-1,-1
698,82,1358,327,198,112,1,-1,-1,-1
698,86,848,269,112,105,1,-1,-1,-1
699,80,1079,260,78,63,1,-1,-1,-1
699,82,1334,322,188,108,1,-1,-1,-1
699,86,845,270,113,105,1,-1,-1,-1
700,80,1078,259,78,63,1,-1,-1,-1
700,82,1326,319,186,108,1,-1,-1,-1
700,86,842,272,116,103,1,-1,-1,-1
701,80,1076,258,77,62,1,-1,-1,-1
701,82,1305,317,178,105,1,-1,-1,-1
701,86,839,274,117,102,1,-1,-1,-1
702,80,1074,256,76,61,1,-1,-1,-1
702,82,1299,314,173,103,1,-1,-1,-1
702,86,835,275,119,103,1,-1,-1,-1
703,80,1073,255,75,61,1,-1,-1,-1
703,82,1294,311,162,103,1,-1,-1,-1
703,86,831,276,122,106,1,-1,-1,-1
704,80,1071,254,75,60,1,-1,-1,-1
704,82,1270,309,163,103,1,-1,-1,-1
704,86,828,274,122,111,1,-1,-1,-1
705,80,1069,253,74,59,1,-1,-1,-1
705,82,1262,304,152,98,1,-1,-1,-1
705,86,813,277,136,111,1,-1,-1,-1
706,80,1068,252,73,59,1,-1,-1,-1
706,82,1245,308,152,98,1,-1,-1,-1
706,86,805,279,145,110,1,-1,-1,-1
707,80,1066,251,72,58,1,-1,-1,-1
707,82,1238,305,147,92,1,-1,-1,-1
707,86,797,281,150,112,1,-1,-1,-1
708,80,1064,249,72,57,1,-1,-1,-1
708,82,1229,305,144,90,1,-1,-1,-1
708,86,786,282,158,116,1,-1,-1,-1
709,80,1063,248,71,57,1,-1,-1,-1
709,82,1212,300,144,89,1,-1,-1,-1
709,86,778,283,161,117,1,-1,-1,-1
710,80,1061,247,70,56,1,-1,-1,-1
710,82,1208,297,138,89,1,-1,-1,-1
710,86,762,283,164,125,1,-1,-1,-1
711,82,1202,293,130,91,1,-1,-1,-1
711,86,753,284,171,124,1,-1,-1,-1
712,82,1196,289,130,91,1,-1,-1,-1
712,86,739,285,182,125,1,-1,-1,-1
713,82,1181,289,128,88,1,-1,-1,-1
713,86,730,288,185,121,1,-1,-1,-1
714,82,1175,288,128,87,1,-1,-1,-1
714,86,707,294,197,120,1,-1,-1,-1
715,82,1163,289,138,80,1,-1,-1,-1
715,86,684,300,209,119,1,-1,-1,-1
716,82,1159,287,134,79,1,-1,-1,-1
716,86,661,300,221,122,1,-1,-1,-1
717,82,1147,285,123,81,1,-1,-1,-1
717,86,637,300,233,125,1,-1,-1,-1
718,82,1144,284,121,80,1,-1,-1,-1
718,86,614,300,244,128,1,-1,-1,-1
719,82,1137,282,120,80,1,-1,-1,-1
719,86,590,300,254,131,1,-1,-1,-1
720,82,1131,281,121,79,1,-1,-1,-1
720,86,568,303,259,130,1,-1,-1,-1
721,82,1136,278,102,72,1,-1,-1,-1
721,86,545,306,263,129,1,-1,-1,-1
722,82,1130,275,92,68,1,-1,-1,-1
722,86,508,308,279,131,1,-1,-1,-1
723,82,1124,275,100,73,1,-1,-1,-1
723,86,471,311,294,134,1,-1,-1,-1
724,82,1122,276,98,70,1,-1,-1,-1
724,86,434,313,310,136,1,-1,-1,-1
725,82,1117,275,95,67,1,-1,-1,-1
725,86,397,315,325,138,1,-1,-1,-1
726,82,1112,274,95,66,1,-1,-1,-1
726,86,371,312,338,141,1,-1,-1,-1
727,82,1107,271,95,67,1,-1,-1,-1
727,86,320,318,342,138,1,-1,-1,-1
728,82,1105,269,94,69,1,-1,-1,-1
728,86,278,321,350,138,1,-1,-1,-1
729,82,1105,268,89,67,1,-1,-1,-1
729,86,235,325,358,137,1,-1,-1,-1
730,82,1100,266,78,67,1,-1,-1,-1
730,86,193,328,366,137,1,-1,-1,-1
731,82,1098,265,79,66,1,-1,-1,-1
731,86,150,331,374,136,1,-1,-1,-1
732,82,1095,262,81,67,1,-1,-1,-1
732,86,112,333,374,136,1,-1,-1,-1
733,82,1092,262,83,66,1,-1,-1,-1
733,86,74,334,374,135,1,-1,-1,-1
734,82,1090,260,80,66,1,-1,-1,-1
734,86,37,337,363,139,1,-1,-1,-1
735,82,1090,259,77,66,1,-1,-1,-1
735,86,0,340,352,143,1,-1,-1,-1
736,82,1088,258,77,65,1,-1,-1,-1
736,86,0,341,308,136,1,-1,-1,-1
737,82,1086,258,76,64,1,-1,-1,-1
737,85,1614,362,306,189,1,-1,-1,-1
738,82,1084,257,76,63,1,-1,-1,-1
738,85,1560,346,353,198,1,-1,-1,-1
739,82,1082,256,76,62,1,-1,-1,-1
739,85,1500,337,350,187,1,-1,-1,-1
740,82,1079,255,75,61,1,-1,-1,-1
740,85,1494,335,321,174,1,-1,-1,-1
741,82,1077,255,75,60,1,-1,-1,-1
741,85,1447,327,311,161,1,-1,-1,-1
742,82,1075,254,74,59,1,-1,-1,-1
742,85,1437,323,288,156,1,-1,-1,-1
743,82,1073,253,74,58,1,-1,-1,-1
743,85,1411,312,250,145,1,-1,-1,-1
744,85,1381,302,265,161,1,-1,-1,-1
745,85,1362,302,251,153,1,-1,-1,-1
746,85,1344,301,237,145,1,-1,-1,-1
747,85,1325,301,223,136,1,-1,-1,-1
748,85,1307,300,209,128,1,-1,-1,-1
749,85,1288,300,195,120,1,-1,-1,-1
750,85,1271,293,191,121,1,-1,-1,-1
751,85,1253,285,187,122,1,-1,-1,-1
752,85,1250,288,174,113,1,-1,-1,-1
753,85,1225,282,174,110,1,-1,-1,-1
754,85,1218,279,168,111,1,-1,-1,-1
755,85,1202,277,158,109,1,-1,-1,-1
756,85,1195,276,154,108,1,-1,-1,-1
757,85,1190,273,144,108,1,-1,-1,-1
758,85,1174,271,140,105,1,-1,-1,-1
759,85,1168,270,132,101,1,-1,-1,-1
760,85,1159,267,134,98,1,-1,-1,-1
761,85,1147,266,130,98,1,-1,-1,-1
762,85,1142,268,125,94,1,-1,-1,-1
763,85,1138,265,120,95,1,-1,-1,-1
764,85,1134,266,116,90,1,-1,-1,-1
765,85,1130,266,112,85,1,-1,-1,-1
766,85,1119,260,114,88,1,-1,-1,-1
767,85,1117,263,102,79,1,-1,-1,-1
768,85,1111,263,102,77,1,-1,-1,-1
769,85,1104,260,103,79,1,-1,-1,-1
770,85,1099,257,106,80,1,-1,-1,-1
771,85,1098,255,100,80,1,-1,-1,-1
772,85,1095,253,85,80,1,-1,-1,-1
773,85,1090,252,88,78,1,-1,-1,-1
774,85,1087,253,87,74,1,-1,-1,-1
775,85,1083,252,86,73,1,-1,-1,-1
776,85,1081,252,83,70,1,-1,-1,-1
777,85,1079,251,80,70,1,-1,-1,-1
778,85,1078,252,78,68,1,-1,-1,-1
779,85,1077,251,78,67,1,-1,-1,-1
780,85,1075,250,77,66,1,-1,-1,-1
781,85,1074,249,77,66,1,-1,-1,-1
782,85,1073,248,76,65,1,-1,-1,-1
783,85,1071,246,76,64,1,-1,-1,-1
784,71,0,421,353,182,1,-1,-1,-1
784,85,1070,245,75,63,1,-1,-1,-1
785,71,0,423,366,183,1,-1,-1,-1
785,85,1069,244,75,63,1,-1,-1,-1
786,71,0,423,380,182,1,-1,-1,-1
786,85,1067,243,74,62,1,-1,-1,-1
787,71,0,422,393,181,1,-1,-1,-1
787,85,1066,242,74,61,1,-1,-1,-1
788,71,0,421,420,181,1,-1,-1,-1
789,71,13,420,432,180,1,-1,-1,-1
790,71,41,419,436,179,1,-1,-1,-1
791,71,69,418,441,179,1,-1,-1,-1
792,71,97,416,445,178,1,-1,-1,-1
793,71,125,415,449,178,1,-1,-1,-1
794,71,152,414,453,177,1,-1,-1,-1
795,71,180,413,458,176,1,-1,-1,-1
796,71,208,411,462,176,1,-1,-1,-1
797,71,236,410,466,175,1,-1,-1,-1
798,71,251,409,477,174,1,-1,-1,-1
799,71,296,405,490,175,1,-1,-1,-1
800,71,312,404,498,175,1,-1,-1,-1
801,71,364,402,499,176,1,-1,-1,-1
802,71,387,396,497,177,1,-1,-1,-1
803,71,443,393,493,173,1,-1,-1,-1
804,71,469,387,485,175,1,-1,-1,-1
805,71,536,386,453,173,1,-1,-1,-1
806,71,572,378,443,178,1,-1,-1,-1
807,71,607,371,434,183,1,-1,-1,-1
808,71,643,363,424,188,1,-1,-1,-1
809,71,700,358,405,190,1,-1,-1,-1
810,71,726,361,388,184,1,-1,-1,-1
811,71,754,360,374,177,1,-1,-1,-1
811,88,885,239,72,61,1,-1,-1,-1
812,71,802,361,371,169,1,-1,-1,-1
812,88,882,240,73,61,1,-1,-1,-1
813,71,835,358,347,167,1,-1,-1,-1
813,88,880,240,73,62,1,-1,-1,-1
814,71,870,358,352,158,1,-1,-1,-1
814,88,877,241,74,62,1,-1,-1,-1
815,71,896,355,329,156,1,-1,-1,-1
815,88,875,242,75,63,1,-1,-1,-1
816,71,926,351,310,154,1,-1,-1,-1
816,88,872,243,76,63,1,-1,-1,-1
817,71,964,350,280,150,1,-1,-1,-1
817,88,870,243,76,64,1,-1,-1,-1
818,71,1001,348,250,145,1,-1,-1,-1
818,88,867,244,77,64,1,-1,-1,-1
819,71,1025,344,237,143,1,-1,-1,-1
819,88,865,245,77,64,1,-1,-1,-1
820,71,1049,340,223,141,1,-1,-1,-1
820,88,864,247,77,64,1,-1,-1,-1
821,71,1073,337,208,137,1,-1,-1,-1
821,88,862,248,77,64,1,-1,-1,-1
822,71,1096,334,193,133,1,-1,-1,-1
822,88,861,249,78,65,1,-1,-1,-1
823,71,1113,330,183,131,1,-1,-1,-1
823,88,859,250,78,65,1,-1,-1,-1
824,71,1129,325,172,130,1,-1,-1,-1
824,88,857,252,78,65,1,-1,-1,-1
825,71,1146,321,162,128,1,-1,-1,-1
825,72,0,422,356,181,1,-1,-1,-1
825,88,856,253,78,65,1,-1,-1,-1
826,71,1154,319,155,130,1,-1,-1,-1
826,72,0,422,403,181,1,-1,-1,-1
826,88,854,254,78,65,1,-1,-1,-1
827,71,1165,318,151,128,1,-1,-1,-1
827,72,47,419,405,180,1,-1,-1,-1
827,88,853,255,78,66,1,-1,-1,-1
828,71,1176,317,142,127,1,-1,-1,-1
828,72,95,417,406,179,1,-1,-1,-1
828,88,852,255,78,67,1,-1,-1,-1
829,71,1182,313,140,125,1,-1,-1,-1
829,72,142,414,408,178,1,-1,-1,-1
829,88,851,255,81,68,1,-1,-1,-1
830,71,1189,311,136,120,1,-1,-1,-1
830,72,189,411,410,178,1,-1,-1,-1
830,88,849,256,83,69,1,-1,-1,-1
831,71,1194,309,129,118,1,-1,-1,-1
831,72,236,408,412,177,1,-1,-1,-1
831,88,848,256,85,69,1,-1,-1,-1
832,71,1200,308,120,116,1,-1,-1,-1
832,72,284,406,413,176,1,-1,-1,-1
832,88,846,257,87,69,1,-1,-1,-1
833,71,1199,305,121,115,1,-1,-1,-1
833,72,331,403,415,175,1,-1,-1,-1
833,88,845,258,88,70,1,-1,-1,-1
834,71,1199,302,121,114,1,-1,-1,-1
834,72,380,399,414,176,1,-1,-1,-1
834,88,844,259,90,70,1,-1,-1,-1
835,71,1198,299,122,112,1,-1,-1,-1
835,72,429,394,413,177,1,-1,-1,-1
835,88,844,260,90,70,1,-1,-1,-1
836,71,1197,296,122,111,1,-1,-1,-1
836,72,478,390,412,178,1,-1,-1,-1
836,88,843,261,92,72,1,-1,-1,-1
837,71,1190,297,124,107,1,-1,-1,-1
837,72,528,385,411,179,1,-1,-1,-1
837,88,842,262,92,72,1,-1,-1,-1
838,71,1190,297,121,101,1,-1,-1,-1
838,72,577,381,409,179,1,-1,-1,-1
838,88,843,262,91,72,1,-1,-1,-1
839,71,1188,296,117,96,1,-1,-1,-1
839,72,626,376,408,180,1,-1,-1,-1
839,88,840,266,86,68,1,-1,-1,-1
840,71,1181,289,120,100,1,-1,-1,-1
840,72,675,372,407,181,1,-1,-1,-1
840,88,840,267,85,69,1,-1,-1,-1
841,71,1176,285,121,101,1,-1,-1,-1
841,72,724,367,406,182,1,-1,-1,-1
841,88,840,268,85,70,1,-1,-1,-1
842,71,1172,288,121,97,1,-1,-1,-1
842,72,783,364,408,177,1,-1,-1,-1
842,88,839,268,87,70,1,-1,-1,-1
843,71,1167,285,120,98,1,-1,-1,-1
843,72,809,365,397,173,1,-1,-1,-1
843,88,839,269,88,72,1,-1,-1,-1
844,71,1156,282,117,98,1,-1,-1,-1
844,72,873,366,380,162,1,-1,-1,-1
844,88,839,270,89,73,1,-1,-1,-1
845,71,1151,282,120,92,1,-1,-1,-1
845,72,909,365,351,157,1,-1,-1,-1
845,88,839,270,91,75,1,-1,-1,-1
846,71,1147,280,117,91,1,-1,-1,-1
846,72,953,361,351,155,1,-1,-1,-1
846,88,840,271,92,76,1,-1,-1,-1
847,71,1143,279,114,88,1,-1,-1,-1
847,72,990,358,320,154,1,-1,-1,-1
847,88,840,271,93,78,1,-1,-1,-1
848,71,1139,278,112,86,1,-1,-1,-1
848,72,1016,351,306,155,1,-1,-1,-1
848,88,840,272,94,79,1,-1,-1,-1
849,71,1140,272,103,88,1,-1,-1,-1
849,72,1058,347,298,155,1,-1,-1,-1
849,88,840,272,96,80,1,-1,-1,-1
850,71,1135,271,103,87,1,-1,-1,-1
850,72,1087,339,281,157,1,-1,-1,-1
850,88,841,273,97,82,1,-1,-1,-1
851,71,1123,269,112,86,1,-1,-1,-1
851,72,1124,344,242,145,1,-1,-1,-1
851,88,841,273,98,83,1,-1,-1,-1
852,71,1121,270,106,83,1,-1,-1,-1
852,72,1159,335,222,145,1,-1,-1,-1
852,88,841,274,100,85,1,-1,-1,-1
853,71,1117,269,106,83,1,-1,-1,-1
853,72,1180,334,200,141,1,-1,-1,-1
853,88,841,275,101,86,1,-1,-1,-1
854,71,1115,270,101,79,1,-1,-1,-1
854,72,1199,333,201,135,1,-1,-1,-1
854,88,841,275,102,87,1,-1,-1,-1
855,71,1110,271,100,77,1,-1,-1,-1
855,72,1214,330,186,132,1,-1,-1,-1
855,88,842,276,103,89,1,-1,-1,-1
856,71,1105,270,101,77,1,-1,-1,-1
856,72,1229,328,171,128,1,-1,-1,-1
856,88,842,276,105,90,1,-1,-1,-1
857,71,1101,269,101,77,1,-1,-1,-1
857,72,1244,325,156,125,1,-1,-1,-1
857,88,842,277,106,91,1,-1,-1,-1
858,71,1100,268,98,76,1,-1,-1,-1
858,72,1252,325,144,123,1,-1,-1,-1
858,88,842,277,107,93,1,-1,-1,-1
859,71,1100,264,79,70,1,-1,-1,-1
859,72,1258,325,135,121,1,-1,-1,-1
859,88,843,278,108,94,1,-1,-1,-1
860,71,1097,262,83,70,1,-1,-1,-1
860,72,1260,322,132,121,1,-1,-1,-1
860,88,843,278,110,96,1,-1,-1,-1
861,71,1094,262,83,69,1,-1,-1,-1
861,72,1259,315,131,122,1,-1,-1,-1
861,88,843,279,111,97,1,-1,-1,-1
862,71,1092,261,80,68,1,-1,-1,-1
862,72,1254,312,134,120,1,-1,-1,-1
862,88,844,280,111,98,1,-1,-1,-1
863,71,1088,260,80,68,1,-1,-1,-1
863,72,1251,309,132,118,1,-1,-1,-1
863,88,845,281,111,98,1,-1,-1,-1
864,71,1085,258,80,69,1,-1,-1,-1
864,72,1248,307,129,117,1,-1,-1,-1
864,88,847,282,112,97,1,-1,-1,-1
865,71,1082,257,80,69,1,-1,-1,-1
865,72,1244,303,127,119,1,-1,-1,-1
865,88,847,283,113,98,1,-1,-1,-1
866,71,1081,256,78,69,1,-1,-1,-1
866,72,1238,301,128,120,1,-1,-1,-1
866,88,848,282,113,101,1,-1,-1,-1
867,71,1080,255,77,69,1,-1,-1,-1
867,72,1233,300,128,120,1,-1,-1,-1
867,88,849,282,114,101,1,-1,-1,-1
868,71,1080,253,75,69,1,-1,-1,-1
868,72,1218,300,130,116,1,-1,-1,-1
868,88,850,284,114,100,1,-1,-1,-1
869,71,1077,252,75,68,1,-1,-1,-1
869,72,1211,295,131,112,1,-1,-1,-1
869,88,850,287,116,98,1,-1,-1,-1
870,71,1076,252,74,67,1,-1,-1,-1
870,72,1205,293,130,112,1,-1,-1,-1
870,88,852,290,117,99,1,-1,-1,-1
871,71,1076,251,73,65,1,-1,-1,-1
871,72,1202,293,125,108,1,-1,-1,-1
871,88,854,291,118,101,1,-1,-1,-1
872,71,1075,251,72,64,1,-1,-1,-1
872,72,1195,292,122,104,1,-1,-1,-1
872,88,855,292,118,103,1,-1,-1,-1
873,71,1074,251,71,63,1,-1,-1,-1
873,72,1188,290,119,99,1,-1,-1,-1
873,88,857,293,118,106,1,-1,-1,-1
874,71,1073,250,70,61,1,-1,-1,-1
874,72,1182,288,120,99,1,-1,-1,-1
874,88,858,294,120,108,1,-1,-1,-1
875,71,1073,250,69,60,1,-1,-1,-1
875,72,1175,283,121,101,1,-1,-1,-1
875,88,858,292,121,113,1,-1,-1,-1
876,71,1072,249,68,58,1,-1,-1,-1
876,72,1170,281,120,103,1,-1,-1,-1
876,88,856,291,125,118,1,-1,-1,-1
877,71,1071,249,67,57,1,-1,-1,-1
877,72,1167,284,116,98,1,-1,-1,-1
877,88,856,290,127,120,1,-1,-1,-1
878,72,1156,282,114,96,1,-1,-1,-1
878,88,862,294,128,114,1,-1,-1,-1
879,72,1152,282,112,92,1,-1,-1,-1
879,88,862,297,127,110,1,-1,-1,-1
880,72,1147,280,109,90,1,-1,-1,-1
880,88,863,297,125,109,1,-1,-1,-1
881,72,1142,278,109,90,1,-1,-1,-1
881,88,864,297,125,110,1,-1,-1,-1
882,72,1138,277,109,89,1,-1,-1,-1
882,88,864,296,125,111,1,-1,-1,-1
883,72,1138,273,100,86,1,-1,-1,-1
883,88,864,297,128,110,1,-1,-1,-1
884,72,1133,272,102,84,1,-1,-1,-1
884,88,869,300,123,117,1,-1,-1,-1
885,72,1126,272,102,84,1,-1,-1,-1
885,88,870,301,123,118,1,-1,-1,-1
886,72,1120,268,106,91,1,-1,-1,-1
886,88,871,302,123,117,1,-1,-1,-1
887,72,1117,269,103,87,1,-1,-1,-1
887,88,873,302,123,117,1,-1,-1,-1
888,72,1116,269,98,83,1,-1,-1,-1
888,88,874,303,123,118,1,-1,-1,-1
889,72,1111,268,97,80,1,-1,-1,-1
889,88,875,303,124,118,1,-1,-1,-1
890,72,1107,268,95,80,1,-1,-1,-1
890,88,875,303,127,117,1,-1,-1,-1
891,72,1104,268,94,79,1,-1,-1,-1
891,88,875,303,128,118,1,-1,-1,-1
892,72,1104,267,90,79,1,-1,-1,-1
892,88,875,304,129,117,1,-1,-1,-1
893,72,1104,264,87,78,1,-1,-1,-1
893,88,876,306,130,113,1,-1,-1,-1
894,72,1099,261,81,76,1,-1,-1,-1
894,88,877,308,129,111,1,-1,-1,-1
895,72,1097,260,81,75,1,-1,-1,-1
895,88,878,309,129,110,1,-1,-1,-1
896,72,1094,259,83,72,1,-1,-1,-1
896,88,878,310,129,109,1,-1,-1,-1
897,72,1092,257,80,70,1,-1,-1,-1
897,88,877,311,131,108,1,-1,-1,-1
898,72,1090,256,79,70,1,-1,-1,-1
898,88,877,311,131,108,1,-1,-1,-1
899,72,1091,254,77,72,1,-1,-1,-1
899,88,878,311,131,109,1,-1,-1,-1
900,72,1089,253,77,73,1,-1,-1,-1
900,88,878,310,131,110,1,-1,-1,-1
901,72,1088,253,76,72,1,-1,-1,-1
901,88,879,309,131,110,1,-1,-1,-1
902,72,1087,252,75,71,1,-1,-1,-1
902,88,879,310,131,110,1,-1,-1,-1
903,72,1086,252,74,70,1,-1,-1,-1
903,88,879,310,130,109,1,-1,-1,-1
904,72,1085,251,73,69,1,-1,-1,-1
904,88,879,311,129,108,1,-1,-1,-1
905,72,1084,251,72,68,1,-1,-1,-1
905,88,879,312,129,107,1,-1,-1,-1
906,72,1083,250,71,67,1,-1,-1,-1
906,88,879,312,129,107,1,-1,-1,-1
907,72,1082,250,71,65,1,-1,-1,-1
907,88,879,312,129,107,1,-1,-1,-1
908,72,1081,249,70,64,1,-1,-1,-1
908,88,879,312,129,107,1,-1,-1,-1
909,72,1080,249,69,63,1,-1,-1,-1
909,88,879,312,128,107,1,-1,-1,-1
910,72,1079,248,68,62,1,-1,-1,-1
910,88,879,312,128,107,1,-1,-1,-1
911,72,1078,248,67,61,1,-1,-1,-1
911,88,879,312,128,107,1,-1,-1,-1
912,72,1077,247,66,60,1,-1,-1,-1
912,88,879,312,128,106,1,-1,-1,-1
913,72,1076,247,65,59,1,-1,-1,-1
913,88,879,313,128,106,1,-1,-1,-1
914,88,879,312,128,106,1,-1,-1,-1
915,88,879,312,128,107,1,-1,-1,-1
916,88,879,312,128,107,1,-1,-1,-1
917,88,879,312,129,107,1,-1,-1,-1
918,88,879,313,129,106,1,-1,-1,-1
919,88,879,313,129,106,1,-1,-1,-1
920,88,879,314,129,105,1,-1,-1,-1
921,88,879,314,129,103,1,-1,-1,-1
922,88,879,315,129,103,1,-1,-1,-1
923,88,879,315,130,103,1,-1,-1,-1
924,88,879,315,130,103,1,-1,-1,-1
925,88,879,315,130,103,1,-1,-1,-1
926,88,880,315,129,105,1,-1,-1,-1
927,88,880,315,128,105,1,-1,-1,-1
928,88,880,314,128,105,1,-1,-1,-1
929,88,880,314,128,105,1,-1,-1,-1
930,88,880,314,128,105,1,-1,-1,-1
931,88,880,314,127,105,1,-1,-1,-1
932,88,880,314,127,105,1,-1,-1,-1
933,88,880,314,128,105,1,-1,-1,-1
934,88,880,313,128,106,1,-1,-1,-1
935,88,880,313,129,106,1,-1,-1,-1
936,88,879,313,129,107,1,-1,-1,-1
936,93,1557,336,363,169,1,-1,-1,-1
937,88,879,312,130,107,1,-1,-1,-1
937,93,1487,337,432,162,1,-1,-1,-1
938,88,878,312,130,107,1,-1,-1,-1
938,93,1413,339,449,162,1,-1,-1,-1
939,88,878,312,131,107,1,-1,-1,-1
939,93,1340,340,466,163,1,-1,-1,-1
940,88,878,312,131,108,1,-1,-1,-1
940,93,1266,342,483,163,1,-1,-1,-1
941,88,877,312,132,108,1,-1,-1,-1
941,93,1183,340,474,165,1,-1,-1,-1
942,88,877,311,132,108,1,-1,-1,-1
942,93,1099,339,466,166,1,-1,-1,-1
943,88,877,311,133,109,1,-1,-1,-1
943,93,1016,337,457,168,1,-1,-1,-1
944,88,876,311,133,109,1,-1,-1,-1
944,93,926,338,458,168,1,-1,-1,-1
945,93,835,339,460,168,1,-1,-1,-1
946,93,745,340,461,168,1,-1,-1,-1
946,94,1650,343,270,128,1,-1,-1,-1
947,93,654,341,462,168,1,-1,-1,-1
947,94,1594,348,325,116,1,-1,-1,-1
948,93,553,344,472,167,1,-1,-1,-1
948,94,1537,348,328,117,1,-1,-1,-1
949,88,874,310,136,110,1,-1,-1,-1
949,93,452,347,481,166,1,-1,-1,-1
949,94,1480,348,331,117,1,-1,-1,-1
950,88,874,310,136,111,1,-1,-1,-1
950,93,351,350,491,165,1,-1,-1,-1
950,94,1422,347,333,118,1,-1,-1,-1
951,88,874,310,137,111,1,-1,-1,-1
951,93,250,353,500,164,1,-1,-1,-1
951,94,1365,347,336,118,1,-1,-1,-1
952,88,873,310,137,111,1,-1,-1,-1
952,93,149,356,510,163,1,-1,-1,-1
952,94,1299,346,337,121,1,-1,-1,-1
953,88,873,309,138,111,1,-1,-1,-1
953,93,75,359,467,165,1,-1,-1,-1
953,94,1234,344,337,124,1,-1,-1,-1
954,88,872,309,138,112,1,-1,-1,-1
954,93,0,362,423,167,1,-1,-1,-1
954,94,1168,343,338,127,1,-1,-1,-1
955,88,872,309,139,112,1,-1,-1,-1
955,94,1102,341,338,130,1,-1,-1,-1
956,88,875,307,136,116,1,-1,-1,-1
956,94,1029,345,342,126,1,-1,-1,-1
