1,48,274,407,400,159,1,-1,-1,-1
1,49,584,444,447,208,1,-1,-1,-1
1,52,914,276,130,111,1,-1,-1,-1
1,53,933,201,115,102,1,-1,-1,-1
2,48,200,402,390,159,1,-1,-1,-1
2,49,501,439,439,205,1,-1,-1,-1
2,52,914,277,131,111,1,-1,-1,-1
2,53,933,202,116,103,1,-1,-1,-1
3,48,126,398,379,159,1,-1,-1,-1
3,49,419,433,430,203,1,-1,-1,-1
3,52,914,277,131,110,1,-1,-1,-1
3,53,932,203,118,105,1,-1,-1,-1
4,48,52,393,368,159,1,-1,-1,-1
4,49,336,428,422,200,1,-1,-1,-1
4,50,1372,483,548,264,1,-1,-1,-1
4,52,913,278,132,110,1,-1,-1,-1
4,53,932,204,119,106,1,-1,-1,-1
5,48,0,388,337,150,1,-1,-1,-1
5,49,253,422,413,197,1,-1,-1,-1
5,50,1275,462,641,276,1,-1,-1,-1
5,52,913,279,132,110,1,-1,-1,-1
5,53,931,205,120,108,1,-1,-1,-1
6,49,177,418,404,195,1,-1,-1,-1
6,50,1161,457,644,275,1,-1,-1,-1
6,52,913,280,132,110,1,-1,-1,-1
6,53,931,206,121,110,1,-1,-1,-1
7,49,101,413,394,193,1,-1,-1,-1
7,50,1048,451,647,274,1,-1,-1,-1
7,52,913,281,133,110,1,-1,-1,-1
7,53,930,206,122,111,1,-1,-1,-1
8,49,25,409,385,191,1,-1,-1,-1
8,50,934,446,650,273,1,-1,-1,-1
8,52,913,281,133,109,1,-1,-1,-1
8,53,929,207,123,113,1,-1,-1,-1
9,49,0,405,325,182,1,-1,-1,-1
9,50,831,432,658,275,1,-1,-1,-1
9,52,913,282,133,109,1,-1,-1,-1
9,53,929,208,125,114,1,-1,-1,-1
10,50,727,417,665,277,1,-1,-1,-1
10,51,1580,473,340,197,1,-1,-1,-1
10,52,913,283,134,109,1,-1,-1,-1
10,53,928,209,126,116,1,-1,-1,-1
11,50,624,403,673,279,1,-1,-1,-1
11,51,1513,463,407,199,1,-1,-1,-1
11,52,912,284,134,109,1,-1,-1,-1
11,53,928,210,127,117,1,-1,-1,-1
12,50,505,391,646,279,1,-1,-1,-1
12,51,1426,459,465,189,1,-1,-1,-1
12,52,912,285,135,109,1,-1,-1,-1
12,53,927,211,128,119,1,-1,-1,-1
13,50,419,390,626,268,1,-1,-1,-1
13,51,1345,451,459,192,1,-1,-1,-1
13,52,912,286,135,109,1,-1,-1,-1
13,53,927,211,128,120,1,-1,-1,-1
14,50,333,389,607,259,1,-1,-1,-1
14,51,1264,444,452,195,1,-1,-1,-1
14,52,912,286,135,108,1,-1,-1,-1
14,53,927,212,129,121,1,-1,-1,-1
15,50,247,389,587,248,1,-1,-1,-1
15,51,1182,436,446,198,1,-1,-1,-1
15,52,912,287,136,108,1,-1,-1,-1
15,53,927,212,129,122,1,-1,-1,-1
16,50,161,387,569,237,1,-1,-1,-1
16,51,1101,428,439,201,1,-1,-1,-1
16,52,912,288,136,108,1,-1,-1,-1
16,53,926,212,129,124,1,-1,-1,-1
17,50,75,387,549,226,1,-1,-1,-1
17,51,1021,424,439,196,1,-1,-1,-1
17,52,912,289,136,108,1,-1,-1,-1
17,53,926,213,129,125,1,-1,-1,-1
18,50,0,385,521,215,1,-1,-1,-1
18,51,940,420,439,191,1,-1,-1,-1
18,52,911,290,137,108,1,-1,-1,-1
18,53,926,213,130,126,1,-1,-1,-1
19,51,860,416,438,185,1,-1,-1,-1
19,52,911,290,137,107,1,-1,-1,-1
19,53,926,214,130,127,1,-1,-1,-1
20,51,779,412,438,180,1,-1,-1,-1
20,52,911,291,138,107,1,-1,-1,-1
20,53,926,214,130,128,1,-1,-1,-1
21,51,657,414,466,171,1,-1,-1,-1
21,52,911,292,138,107,1,-1,-1,-1
21,53,926,214,131,129,1,-1,-1,-1
22,51,592,407,446,173,1,-1,-1,-1
22,52,911,292,136,109,1,-1,-1,-1
22,53,926,215,131,130,1,-1,-1,-1
23,51,528,400,427,175,1,-1,-1,-1
23,52,911,292,136,108,1,-1,-1,-1
23,53,925,215,131,132,1,-1,-1,-1
24,51,463,393,407,177,1,-1,-1,-1
24,52,912,291,136,109,1,-1,-1,-1
24,53,925,215,131,133,1,-1,-1,-1
25,51,399,389,398,177,1,-1,-1,-1
25,52,911,290,139,110,1,-1,-1,-1
25,53,925,216,132,134,1,-1,-1,-1
26,51,334,385,388,176,1,-1,-1,-1
26,52,910,288,141,112,1,-1,-1,-1
26,53,925,216,132,135,1,-1,-1,-1
27,51,264,382,380,172,1,-1,-1,-1
27,52,910,287,142,114,1,-1,-1,-1
27,53,926,217,132,134,1,-1,-1,-1
28,51,195,380,371,167,1,-1,-1,-1
28,52,910,286,142,114,1,-1,-1,-1
28,53,926,218,131,132,1,-1,-1,-1
29,51,125,377,363,163,1,-1,-1,-1
29,52,911,286,141,114,1,-1,-1,-1
29,53,927,218,131,131,1,-1,-1,-1
30,51,63,373,352,161,1,-1,-1,-1
30,52,911,286,141,114,1,-1,-1,-1
30,53,927,219,130,129,1,-1,-1,-1
31,51,0,369,340,158,1,-1,-1,-1
31,52,911,285,141,116,1,-1,-1,-1
31,53,927,219,130,129,1,-1,-1,-1
32,52,911,284,142,117,1,-1,-1,-1
32,53,927,219,130,129,1,-1,-1,-1
33,52,911,284,142,118,1,-1,-1,-1
33,53,927,219,130,129,1,-1,-1,-1
34,52,911,284,142,118,1,-1,-1,-1
34,53,927,219,130,129,1,-1,-1,-1
35,52,910,284,142,118,1,-1,-1,-1
35,53,927,219,130,129,1,-1,-1,-1
36,52,910,284,143,118,1,-1,-1,-1
36,53,927,219,130,129,1,-1,-1,-1
37,52,910,284,143,118,1,-1,-1,-1
37,53,927,219,130,129,1,-1,-1,-1
38,52,910,284,143,118,1,-1,-1,-1
38,53,927,219,130,129,1,-1,-1,-1
39,52,910,284,143,118,1,-1,-1,-1
39,53,927,219,130,129,1,-1,-1,-1
40,52,910,284,143,117,1,-1,-1,-1
40,53,927,219,130,129,1,-1,-1,-1
41,52,910,285,143,117,1,-1,-1,-1
41,53,927,219,130,129,1,-1,-1,-1
42,52,909,284,144,118,1,-1,-1,-1
42,53,927,219,130,129,1,-1,-1,-1
43,52,909,284,144,118,1,-1,-1,-1
43,53,927,219,130,129,1,-1,-1,-1
44,52,911,284,143,118,1,-1,-1,-1
44,53,927,219,130,129,1,-1,-1,-1
45,52,911,284,141,118,1,-1,-1,-1
45,53,927,219,130,129,1,-1,-1,-1
46,52,912,285,139,117,1,-1,-1,-1
46,53,927,219,130,129,1,-1,-1,-1
47,52,912,286,139,117,1,-1,-1,-1
47,53,927,219,130,129,1,-1,-1,-1
48,52,911,286,139,116,1,-1,-1,-1
48,53,927,219,130,129,1,-1,-1,-1
49,52,911,286,139,116,1,-1,-1,-1
49,53,927,219,130,129,1,-1,-1,-1
50,52,911,286,139,116,1,-1,-1,-1
50,53,927,219,130,129,1,-1,-1,-1
51,52,911,285,140,116,1,-1,-1,-1
51,53,927,219,130,129,1,-1,-1,-1
52,52,910,285,142,116,1,-1,-1,-1
52,53,927,219,130,129,1,-1,-1,-1
53,52,909,285,143,117,1,-1,-1,-1
53,53,927,219,130,129,1,-1,-1,-1
54,52,910,286,142,116,1,-1,-1,-1
54,53,927,219,130,129,1,-1,-1,-1
55,52,910,286,141,114,1,-1,-1,-1
55,53,927,219,130,129,1,-1,-1,-1
56,52,911,287,139,113,1,-1,-1,-1
56,53,927,219,130,129,1,-1,-1,-1
56,75,816,138,76,56,1,-1,-1,-1
57,52,911,287,139,113,1,-1,-1,-1
57,53,927,219,130,129,1,-1,-1,-1
57,75,819,140,77,57,1,-1,-1,-1
58,52,911,287,139,113,1,-1,-1,-1
58,53,927,219,130,129,1,-1,-1,-1
58,75,822,142,78,57,1,-1,-1,-1
59,52,910,286,140,114,1,-1,-1,-1
59,53,927,219,130,129,1,-1,-1,-1
59,75,824,143,79,58,1,-1,-1,-1
60,52,910,286,140,114,1,-1,-1,-1
60,53,927,219,130,129,1,-1,-1,-1
60,75,827,145,80,58,1,-1,-1,-1
61,52,910,286,141,116,1,-1,-1,-1
61,53,927,219,130,129,1,-1,-1,-1
61,75,830,147,81,59,1,-1,-1,-1
62,52,910,286,141,116,1,-1,-1,-1
62,53,927,219,130,129,1,-1,-1,-1
62,75,833,149,82,59,1,-1,-1,-1
63,52,910,285,142,117,1,-1,-1,-1
63,53,927,219,130,129,1,-1,-1,-1
63,75,836,151,83,60,1,-1,-1,-1
64,52,911,286,141,116,1,-1,-1,-1
64,53,927,219,130,129,1,-1,-1,-1
64,75,839,153,84,60,1,-1,-1,-1
65,52,911,286,140,116,1,-1,-1,-1
65,53,927,219,130,129,1,-1,-1,-1
65,75,841,154,85,61,1,-1,-1,-1
66,52,912,286,139,114,1,-1,-1,-1
66,53,927,219,130,129,1,-1,-1,-1
66,75,844,156,86,61,1,-1,-1,-1
67,52,912,286,139,114,1,-1,-1,-1
67,53,927,219,130,129,1,-1,-1,-1
67,75,847,158,87,62,1,-1,-1,-1
68,52,912,286,139,114,1,-1,-1,-1
68,53,927,219,130,129,1,-1,-1,-1
68,75,848,159,88,65,1,-1,-1,-1
69,52,912,286,139,114,1,-1,-1,-1
69,53,927,219,130,129,1,-1,-1,-1
69,75,849,159,89,66,1,-1,-1,-1
70,52,912,286,139,114,1,-1,-1,-1
70,53,927,219,130,129,1,-1,-1,-1
70,75,853,161,85,67,1,-1,-1,-1
71,52,911,286,140,114,1,-1,-1,-1
71,53,927,219,130,129,1,-1,-1,-1
71,75,856,162,85,67,1,-1,-1,-1
72,52,911,286,141,114,1,-1,-1,-1
72,53,927,219,130,129,1,-1,-1,-1
72,75,860,165,81,67,1,-1,-1,-1
73,52,911,286,142,114,1,-1,-1,-1
73,53,927,219,130,129,1,-1,-1,-1
73,75,861,167,83,66,1,-1,-1,-1
74,52,911,286,141,114,1,-1,-1,-1
74,53,927,219,130,129,1,-1,-1,-1
74,75,863,168,84,66,1,-1,-1,-1
75,52,911,286,141,114,1,-1,-1,-1
75,53,927,219,130,129,1,-1,-1,-1
75,75,863,169,88,66,1,-1,-1,-1
76,52,911,286,140,114,1,-1,-1,-1
76,53,927,219,130,129,1,-1,-1,-1
76,75,864,170,88,66,1,-1,-1,-1
77,52,911,285,140,116,1,-1,-1,-1
77,53,927,219,130,129,1,-1,-1,-1
77,75,867,170,88,67,1,-1,-1,-1
78,52,911,285,140,116,1,-1,-1,-1
78,53,927,219,130,129,1,-1,-1,-1
78,75,869,172,88,68,1,-1,-1,-1
79,52,911,285,140,116,1,-1,-1,-1
79,53,927,219,130,129,1,-1,-1,-1
79,75,870,174,89,69,1,-1,-1,-1
80,52,912,286,140,116,1,-1,-1,-1
80,53,927,219,130,129,1,-1,-1,-1
80,75,872,175,89,71,1,-1,-1,-1
80,76,816,120,83,64,1,-1,-1,-1
81,52,911,285,140,116,1,-1,-1,-1
81,53,927,219,130,129,1,-1,-1,-1
81,75,873,177,90,72,1,-1,-1,-1
81,76,820,121,84,65,1,-1,-1,-1
82,52,911,284,141,117,1,-1,-1,-1
82,53,927,219,130,129,1,-1,-1,-1
82,75,875,179,90,73,1,-1,-1,-1
82,76,823,122,84,65,1,-1,-1,-1
83,52,911,284,142,117,1,-1,-1,-1
83,53,927,219,130,129,1,-1,-1,-1
83,75,876,181,99,73,1,-1,-1,-1
83,76,827,124,85,66,1,-1,-1,-1
84,52,911,284,142,117,1,-1,-1,-1
84,53,927,219,130,129,1,-1,-1,-1
84,75,873,182,106,75,1,-1,-1,-1
84,76,830,125,85,66,1,-1,-1,-1
85,52,911,284,142,117,1,-1,-1,-1
85,53,927,219,130,129,1,-1,-1,-1
85,75,874,183,105,75,1,-1,-1,-1
85,76,834,126,86,67,1,-1,-1,-1
86,52,911,284,141,116,1,-1,-1,-1
86,53,927,219,130,129,1,-1,-1,-1
86,75,876,183,104,75,1,-1,-1,-1
86,76,837,127,86,67,1,-1,-1,-1
87,52,911,285,141,114,1,-1,-1,-1
87,53,927,219,130,129,1,-1,-1,-1
87,75,877,184,103,76,1,-1,-1,-1
87,76,840,127,84,67,1,-1,-1,-1
88,52,911,285,141,114,1,-1,-1,-1
88,53,927,219,130,129,1,-1,-1,-1
88,75,879,185,102,76,1,-1,-1,-1
88,76,841,131,99,67,1,-1,-1,-1
89,52,911,285,141,114,1,-1,-1,-1
89,53,927,219,130,129,1,-1,-1,-1
89,75,880,185,101,76,1,-1,-1,-1
89,76,839,131,102,70,1,-1,-1,-1
90,52,911,285,141,116,1,-1,-1,-1
90,53,927,219,130,129,1,-1,-1,-1
90,75,881,186,100,76,1,-1,-1,-1
90,76,841,131,102,70,1,-1,-1,-1
91,52,910,285,142,116,1,-1,-1,-1
91,53,927,219,130,129,1,-1,-1,-1
91,75,883,187,100,77,1,-1,-1,-1
91,76,846,132,99,69,1,-1,-1,-1
92,52,910,284,143,117,1,-1,-1,-1
92,53,927,219,130,129,1,-1,-1,-1
92,75,884,188,99,77,1,-1,-1,-1
92,76,851,133,94,67,1,-1,-1,-1
93,52,910,284,143,117,1,-1,-1,-1
93,53,927,219,130,129,1,-1,-1,-1
93,75,885,188,98,77,1,-1,-1,-1
93,76,857,137,90,67,1,-1,-1,-1
94,52,911,284,142,117,1,-1,-1,-1
94,53,927,219,130,129,1,-1,-1,-1
94,75,887,189,97,77,1,-1,-1,-1
94,76,862,140,86,66,1,-1,-1,-1
95,52,911,285,141,116,1,-1,-1,-1
95,53,927,219,130,129,1,-1,-1,-1
95,75,888,190,96,78,1,-1,-1,-1
95,76,864,141,88,66,1,-1,-1,-1
96,52,911,285,141,114,1,-1,-1,-1
96,53,927,219,130,129,1,-1,-1,-1
96,75,890,190,95,78,1,-1,-1,-1
96,76,865,142,88,67,1,-1,-1,-1
97,52,911,285,142,114,1,-1,-1,-1
97,53,927,219,130,129,1,-1,-1,-1
97,75,891,191,94,78,1,-1,-1,-1
97,76,867,143,89,68,1,-1,-1,-1
98,52,910,286,142,114,1,-1,-1,-1
98,53,927,219,130,129,1,-1,-1,-1
98,75,892,191,95,80,1,-1,-1,-1
98,76,868,143,89,69,1,-1,-1,-1
99,52,910,286,143,113,1,-1,-1,-1
99,53,927,219,130,129,1,-1,-1,-1
99,56,1380,411,540,263,1,-1,-1,-1
99,75,892,192,95,81,1,-1,-1,-1
99,76,870,144,89,70,1,-1,-1,-1
100,52,908,285,145,114,1,-1,-1,-1
100,53,927,219,130,129,1,-1,-1,-1
100,56,1199,404,692,261,1,-1,-1,-1
100,75,893,192,96,83,1,-1,-1,-1
100,76,871,145,89,70,1,-1,-1,-1
101,52,908,285,145,114,1,-1,-1,-1
101,53,927,219,130,129,1,-1,-1,-1
101,56,1026,389,682,259,1,-1,-1,-1
101,75,893,192,96,84,1,-1,-1,-1
101,76,872,146,90,71,1,-1,-1,-1
102,52,908,286,144,113,1,-1,-1,-1
102,53,927,219,130,129,1,-1,-1,-1
102,56,854,374,673,257,1,-1,-1,-1
102,75,894,193,97,86,1,-1,-1,-1
102,76,874,146,90,72,1,-1,-1,-1
103,52,909,286,143,112,1,-1,-1,-1
103,53,927,219,130,129,1,-1,-1,-1
103,56,681,359,663,255,1,-1,-1,-1
103,75,894,193,97,87,1,-1,-1,-1
103,76,875,147,90,73,1,-1,-1,-1
104,52,909,287,143,111,1,-1,-1,-1
104,53,927,219,130,129,1,-1,-1,-1
104,56,533,353,646,248,1,-1,-1,-1
104,75,895,194,98,89,1,-1,-1,-1
104,76,876,148,90,74,1,-1,-1,-1
105,52,910,287,142,110,1,-1,-1,-1
105,53,927,219,130,129,1,-1,-1,-1
105,56,384,346,629,240,1,-1,-1,-1
105,75,895,194,98,90,1,-1,-1,-1
105,76,878,149,91,75,1,-1,-1,-1
106,52,910,288,141,109,1,-1,-1,-1
106,53,927,219,130,129,1,-1,-1,-1
106,56,236,340,612,233,1,-1,-1,-1
106,76,879,149,91,76,1,-1,-1,-1
107,52,911,287,141,112,1,-1,-1,-1
107,53,927,219,130,129,1,-1,-1,-1
107,56,118,330,579,230,1,-1,-1,-1
107,76,881,150,91,77,1,-1,-1,-1
108,52,911,286,141,113,1,-1,-1,-1
108,53,927,219,130,129,1,-1,-1,-1
108,56,0,320,545,226,1,-1,-1,-1
108,76,882,151,91,77,1,-1,-1,-1
109,52,912,286,141,114,1,-1,-1,-1
109,53,927,219,130,129,1,-1,-1,-1
109,76,883,152,92,78,1,-1,-1,-1
110,52,912,286,140,114,1,-1,-1,-1
110,53,927,219,130,129,1,-1,-1,-1
110,76,885,152,92,79,1,-1,-1,-1
111,52,911,287,140,113,1,-1,-1,-1
111,53,927,219,130,129,1,-1,-1,-1
111,76,886,153,92,80,1,-1,-1,-1
112,52,912,287,139,112,1,-1,-1,-1
112,53,927,219,130,129,1,-1,-1,-1
112,76,887,154,92,81,1,-1,-1,-1
113,52,912,287,138,112,1,-1,-1,-1
113,53,927,219,130,129,1,-1,-1,-1
113,76,889,155,93,82,1,-1,-1,-1
114,52,912,287,138,112,1,-1,-1,-1
114,53,927,219,130,129,1,-1,-1,-1
114,57,0,579,720,415,1,-1,-1,-1
114,76,890,155,93,83,1,-1,-1,-1
115,52,912,286,139,113,1,-1,-1,-1
115,53,927,219,130,129,1,-1,-1,-1
115,57,15,577,953,459,1,-1,-1,-1
115,76,892,156,93,84,1,-1,-1,-1
116,52,912,286,139,114,1,-1,-1,-1
116,53,927,219,130,129,1,-1,-1,-1
116,57,223,595,990,458,1,-1,-1,-1
116,76,893,157,93,84,1,-1,-1,-1
117,52,912,286,138,114,1,-1,-1,-1
117,53,927,219,130,129,1,-1,-1,-1
117,57,432,614,1027,457,1,-1,-1,-1
117,76,894,158,94,85,1,-1,-1,-1
118,52,913,286,138,113,1,-1,-1,-1
118,53,927,219,130,129,1,-1,-1,-1
118,57,660,674,990,406,1,-1,-1,-1
118,76,896,158,94,86,1,-1,-1,-1
119,52,912,287,138,112,1,-1,-1,-1
119,53,927,219,130,129,1,-1,-1,-1
119,57,851,652,1069,428,1,-1,-1,-1
119,76,897,159,94,87,1,-1,-1,-1
120,52,913,287,138,112,1,-1,-1,-1
120,53,927,219,130,129,1,-1,-1,-1
120,76,897,160,95,87,1,-1,-1,-1
121,52,912,287,139,112,1,-1,-1,-1
121,53,927,219,130,129,1,-1,-1,-1
121,76,898,161,96,87,1,-1,-1,-1
122,52,912,287,139,113,1,-1,-1,-1
122,53,927,219,130,129,1,-1,-1,-1
122,76,898,162,96,87,1,-1,-1,-1
123,52,912,287,140,113,1,-1,-1,-1
123,53,927,219,130,129,1,-1,-1,-1
123,76,899,163,97,87,1,-1,-1,-1
124,52,911,287,141,113,1,-1,-1,-1
124,53,927,219,130,129,1,-1,-1,-1
124,76,899,164,98,88,1,-1,-1,-1
125,52,911,287,142,113,1,-1,-1,-1
125,53,927,219,130,129,1,-1,-1,-1
125,76,899,164,99,88,1,-1,-1,-1
126,52,911,287,142,113,1,-1,-1,-1
126,53,927,219,130,129,1,-1,-1,-1
126,77,818,121,87,62,1,-1,-1,-1
127,52,911,287,142,112,1,-1,-1,-1
127,53,927,219,130,129,1,-1,-1,-1
127,77,822,122,85,62,1,-1,-1,-1
128,52,911,287,141,113,1,-1,-1,-1
128,53,927,219,130,129,1,-1,-1,-1
128,77,828,122,81,63,1,-1,-1,-1
129,52,912,287,140,113,1,-1,-1,-1
129,53,927,219,130,129,1,-1,-1,-1
129,77,832,122,80,64,1,-1,-1,-1
130,52,912,287,139,113,1,-1,-1,-1
130,53,927,219,130,129,1,-1,-1,-1
130,77,836,122,80,66,1,-1,-1,-1
131,52,912,286,138,114,1,-1,-1,-1
131,53,927,219,130,129,1,-1,-1,-1
131,77,838,120,83,69,1,-1,-1,-1
132,52,913,285,138,116,1,-1,-1,-1
132,53,927,219,130,129,1,-1,-1,-1
132,77,840,120,83,72,1,-1,-1,-1
133,52,912,283,138,118,1,-1,-1,-1
133,53,927,219,130,129,1,-1,-1,-1
133,77,841,121,81,72,1,-1,-1,-1
134,52,912,283,138,118,1,-1,-1,-1
134,53,927,219,130,129,1,-1,-1,-1
134,77,843,122,79,69,1,-1,-1,-1
135,52,912,284,139,118,1,-1,-1,-1
135,53,927,219,130,129,1,-1,-1,-1
135,77,844,123,80,70,1,-1,-1,-1
136,52,912,284,139,117,1,-1,-1,-1
136,53,927,219,130,129,1,-1,-1,-1
136,77,846,124,82,71,1,-1,-1,-1
137,52,912,285,139,116,1,-1,-1,-1
137,53,927,219,130,129,1,-1,-1,-1
137,77,847,125,83,71,1,-1,-1,-1
138,52,912,285,138,116,1,-1,-1,-1
138,53,927,219,130,129,1,-1,-1,-1
138,77,848,125,84,72,1,-1,-1,-1
139,52,912,285,138,116,1,-1,-1,-1
139,53,927,219,130,129,1,-1,-1,-1
139,77,850,126,86,73,1,-1,-1,-1
140,52,913,285,136,116,1,-1,-1,-1
140,53,927,219,130,129,1,-1,-1,-1
140,77,851,127,87,74,1,-1,-1,-1
141,52,913,286,136,114,1,-1,-1,-1
141,53,927,219,130,129,1,-1,-1,-1
141,77,852,128,88,74,1,-1,-1,-1
142,52,912,286,138,116,1,-1,-1,-1
142,53,927,219,130,129,1,-1,-1,-1
142,77,854,129,90,75,1,-1,-1,-1
143,52,912,286,139,114,1,-1,-1,-1
143,53,927,219,130,129,1,-1,-1,-1
143,77,855,130,91,76,1,-1,-1,-1
144,52,912,287,138,114,1,-1,-1,-1
144,53,927,219,130,129,1,-1,-1,-1
144,59,14,669,774,343,1,-1,-1,-1
144,77,856,130,92,77,1,-1,-1,-1
145,52,912,286,139,114,1,-1,-1,-1
145,53,927,219,130,129,1,-1,-1,-1
145,59,288,698,822,343,1,-1,-1,-1
145,77,858,131,94,77,1,-1,-1,-1
146,52,912,286,139,114,1,-1,-1,-1
146,53,927,219,130,129,1,-1,-1,-1
146,59,562,727,869,343,1,-1,-1,-1
146,77,859,132,95,78,1,-1,-1,-1
147,52,912,286,139,116,1,-1,-1,-1
147,53,927,219,130,129,1,-1,-1,-1
147,59,835,757,916,321,1,-1,-1,-1
147,77,860,133,95,79,1,-1,-1,-1
148,52,912,286,138,116,1,-1,-1,-1
148,53,927,219,130,129,1,-1,-1,-1
148,59,1210,811,710,269,1,-1,-1,-1
148,77,861,133,95,79,1,-1,-1,-1
149,52,912,286,138,116,1,-1,-1,-1
149,53,927,219,130,129,1,-1,-1,-1
149,77,863,134,95,80,1,-1,-1,-1
150,52,913,286,136,117,1,-1,-1,-1
150,53,927,219,130,129,1,-1,-1,-1
150,77,864,135,95,80,1,-1,-1,-1
151,52,913,286,136,117,1,-1,-1,-1
151,53,927,219,130,129,1,-1,-1,-1
151,77,865,135,96,81,1,-1,-1,-1
152,52,913,286,136,116,1,-1,-1,-1
152,53,927,219,130,129,1,-1,-1,-1
152,77,866,136,96,81,1,-1,-1,-1
153,52,913,286,136,116,1,-1,-1,-1
153,53,927,219,130,129,1,-1,-1,-1
153,77,868,137,96,82,1,-1,-1,-1
154,52,913,287,138,114,1,-1,-1,-1
154,53,927,219,130,129,1,-1,-1,-1
154,77,869,137,96,82,1,-1,-1,-1
155,52,912,287,138,114,1,-1,-1,-1
155,53,927,219,130,129,1,-1,-1,-1
155,77,870,138,96,83,1,-1,-1,-1
156,52,912,287,138,114,1,-1,-1,-1
156,53,927,219,130,129,1,-1,-1,-1
156,77,871,139,96,83,1,-1,-1,-1
157,52,913,287,136,114,1,-1,-1,-1
157,53,927,219,130,129,1,-1,-1,-1
157,77,871,139,96,82,1,-1,-1,-1
158,52,913,287,136,114,1,-1,-1,-1
158,53,927,219,130,129,1,-1,-1,-1
158,77,872,140,97,82,1,-1,-1,-1
159,52,913,287,135,114,1,-1,-1,-1
159,53,927,219,130,129,1,-1,-1,-1
159,77,872,141,97,82,1,-1,-1,-1
160,52,913,288,134,114,1,-1,-1,-1
160,53,927,219,130,129,1,-1,-1,-1
160,77,873,142,97,82,1,-1,-1,-1
161,52,913,287,136,114,1,-1,-1,-1
161,53,927,219,130,129,1,-1,-1,-1
161,77,874,142,97,81,1,-1,-1,-1
162,52,913,286,138,114,1,-1,-1,-1
162,53,927,219,130,129,1,-1,-1,-1
162,77,874,143,97,81,1,-1,-1,-1
163,52,912,286,139,114,1,-1,-1,-1
163,53,927,219,130,129,1,-1,-1,-1
163,77,875,144,98,81,1,-1,-1,-1
164,52,912,286,139,114,1,-1,-1,-1
164,53,927,219,130,129,1,-1,-1,-1
164,77,875,144,98,80,1,-1,-1,-1
165,52,912,286,139,114,1,-1,-1,-1
165,53,927,219,130,129,1,-1,-1,-1
165,77,876,145,98,80,1,-1,-1,-1
166,52,912,287,139,113,1,-1,-1,-1
166,53,927,219,130,129,1,-1,-1,-1
166,60,1297,416,583,246,1,-1,-1,-1
166,77,877,145,98,80,1,-1,-1,-1
167,52,912,287,140,112,1,-1,-1,-1
167,53,927,219,130,129,1,-1,-1,-1
167,60,1109,382,627,282,1,-1,-1,-1
167,77,878,146,98,80,1,-1,-1,-1
168,52,911,288,140,111,1,-1,-1,-1
168,53,927,219,130,129,1,-1,-1,-1
168,60,943,376,606,270,1,-1,-1,-1
169,52,911,289,141,108,1,-1,-1,-1
169,53,927,219,130,129,1,-1,-1,-1
169,60,778,370,585,259,1,-1,-1,-1
170,52,911,288,141,111,1,-1,-1,-1
170,53,927,219,130,129,1,-1,-1,-1
170,60,612,363,564,247,1,-1,-1,-1
171,52,911,286,141,113,1,-1,-1,-1
171,53,927,219,130,129,1,-1,-1,-1
171,60,446,357,543,235,1,-1,-1,-1
172,52,911,285,141,116,1,-1,-1,-1
172,53,927,219,130,129,1,-1,-1,-1
172,60,315,354,522,226,1,-1,-1,-1
173,52,912,283,142,119,1,-1,-1,-1
173,53,927,219,130,129,1,-1,-1,-1
173,60,183,351,500,217,1,-1,-1,-1
174,52,912,283,141,119,1,-1,-1,-1
174,53,927,219,130,129,1,-1,-1,-1
174,60,52,348,479,208,1,-1,-1,-1
175,52,912,283,141,119,1,-1,-1,-1
175,53,927,219,130,129,1,-1,-1,-1
175,60,0,337,385,206,1,-1,-1,-1
176,52,912,284,140,118,1,-1,-1,-1
176,53,927,219,130,129,1,-1,-1,-1
177,52,912,284,140,118,1,-1,-1,-1
177,53,927,219,130,129,1,-1,-1,-1
177,61,1502,433,418,254,1,-1,-1,-1
178,52,912,284,141,117,1,-1,-1,-1
178,53,927,219,130,129,1,-1,-1,-1
178,61,1337,422,442,250,1,-1,-1,-1
179,52,911,284,142,118,1,-1,-1,-1
179,53,927,219,130,129,1,-1,-1,-1
179,61,1158,427,452,212,1,-1,-1,-1
180,52,911,283,143,118,1,-1,-1,-1
180,53,927,219,130,129,1,-1,-1,-1
180,61,978,418,454,205,1,-1,-1,-1
181,52,909,284,145,117,1,-1,-1,-1
181,53,927,219,130,129,1,-1,-1,-1
181,61,797,408,455,198,1,-1,-1,-1
182,52,908,284,145,116,1,-1,-1,-1
182,53,927,219,130,129,1,-1,-1,-1
182,61,637,397,446,199,1,-1,-1,-1
183,52,908,285,145,116,1,-1,-1,-1
183,53,927,219,130,129,1,-1,-1,-1
183,61,476,385,436,199,1,-1,-1,-1
184,52,909,284,144,118,1,-1,-1,-1
184,53,927,219,130,129,1,-1,-1,-1
184,61,337,377,420,194,1,-1,-1,-1
185,52,910,283,143,119,1,-1,-1,-1
185,53,927,219,130,129,1,-1,-1,-1
185,61,198,368,403,188,1,-1,-1,-1
186,52,910,283,143,119,1,-1,-1,-1
186,53,927,219,130,129,1,-1,-1,-1
186,61,59,360,387,183,1,-1,-1,-1
187,52,910,283,143,119,1,-1,-1,-1
187,53,927,219,130,129,1,-1,-1,-1
187,61,0,351,304,182,1,-1,-1,-1
188,52,910,283,143,119,1,-1,-1,-1
188,53,927,219,130,129,1,-1,-1,-1
189,52,909,283,144,118,1,-1,-1,-1
189,53,927,219,130,129,1,-1,-1,-1
190,52,909,283,144,119,1,-1,-1,-1
190,53,927,219,130,129,1,-1,-1,-1
191,52,909,283,144,119,1,-1,-1,-1
191,53,927,219,130,129,1,-1,-1,-1
192,52,911,282,142,120,1,-1,-1,-1
192,53,927,219,130,129,1,-1,-1,-1
193,52,911,282,141,121,1,-1,-1,-1
193,53,927,219,130,129,1,-1,-1,-1
194,52,911,282,141,120,1,-1,-1,-1
194,53,927,219,130,129,1,-1,-1,-1
195,52,911,283,141,120,1,-1,-1,-1
195,53,927,219,130,129,1,-1,-1,-1
196,52,911,283,142,120,1,-1,-1,-1
196,53,927,219,130,129,1,-1,-1,-1
197,52,911,283,142,119,1,-1,-1,-1
197,53,927,219,130,129,1,-1,-1,-1
198,52,911,283,142,119,1,-1,-1,-1
198,53,927,219,130,129,1,-1,-1,-1
199,52,911,283,141,119,1,-1,-1,-1
199,53,927,219,130,129,1,-1,-1,-1
200,52,912,283,141,119,1,-1,-1,-1
200,53,927,219,130,129,1,-1,-1,-1
201,52,912,283,141,119,1,-1,-1,-1
201,53,927,219,130,129,1,-1,-1,-1
202,52,911,283,141,118,1,-1,-1,-1
202,53,927,219,130,129,1,-1,-1,-1
203,52,911,283,141,118,1,-1,-1,-1
203,53,927,219,130,129,1,-1,-1,-1
204,52,911,283,141,118,1,-1,-1,-1
204,53,927,219,130,129,1,-1,-1,-1
205,52,911,283,141,119,1,-1,-1,-1
205,53,927,219,130,129,1,-1,-1,-1
206,52,912,283,141,119,1,-1,-1,-1
206,53,927,219,130,129,1,-1,-1,-1
207,52,912,284,140,118,1,-1,-1,-1
207,53,927,219,130,129,1,-1,-1,-1
208,52,912,285,139,118,1,-1,-1,-1
208,53,927,219,130,129,1,-1,-1,-1
209,52,912,285,138,117,1,-1,-1,-1
209,53,927,219,130,129,1,-1,-1,-1
210,52,912,285,138,117,1,-1,-1,-1
210,53,927,219,130,129,1,-1,-1,-1
211,52,912,285,139,117,1,-1,-1,-1
211,53,927,219,130,129,1,-1,-1,-1
212,52,912,285,140,118,1,-1,-1,-1
212,53,927,219,130,129,1,-1,-1,-1
213,52,912,285,140,117,1,-1,-1,-1
213,53,927,219,130,129,1,-1,-1,-1
214,52,912,285,140,117,1,-1,-1,-1
214,53,927,219,130,129,1,-1,-1,-1
215,52,912,285,139,117,1,-1,-1,-1
215,53,927,219,130,129,1,-1,-1,-1
216,52,912,285,139,117,1,-1,-1,-1
216,53,927,219,130,129,1,-1,-1,-1
217,52,912,286,139,116,1,-1,-1,-1
217,53,927,219,130,129,1,-1,-1,-1
218,52,912,286,139,116,1,-1,-1,-1
218,53,927,219,130,129,1,-1,-1,-1
219,52,912,286,139,116,1,-1,-1,-1
219,53,927,219,130,129,1,-1,-1,-1
220,52,912,286,139,114,1,-1,-1,-1
220,53,927,219,130,129,1,-1,-1,-1
221,52,912,286,139,116,1,-1,-1,-1
221,53,927,219,130,129,1,-1,-1,-1
222,52,912,285,139,118,1,-1,-1,-1
222,53,927,219,130,129,1,-1,-1,-1
223,52,912,284,140,119,1,-1,-1,-1
223,53,927,219,130,129,1,-1,-1,-1
224,52,912,284,140,119,1,-1,-1,-1
224,53,927,219,130,129,1,-1,-1,-1
225,52,912,284,139,119,1,-1,-1,-1
225,53,927,219,130,129,1,-1,-1,-1
226,52,912,284,138,119,1,-1,-1,-1
226,53,927,219,130,129,1,-1,-1,-1
227,52,913,284,138,119,1,-1,-1,-1
227,53,927,219,130,129,1,-1,-1,-1
228,52,912,284,138,119,1,-1,-1,-1
228,53,927,219,130,129,1,-1,-1,-1
229,52,912,284,138,119,1,-1,-1,-1
229,53,927,219,130,129,1,-1,-1,-1
230,52,912,284,138,119,1,-1,-1,-1
230,53,927,219,130,129,1,-1,-1,-1
231,52,912,285,138,118,1,-1,-1,-1
231,53,927,219,130,129,1,-1,-1,-1
232,52,912,285,139,118,1,-1,-1,-1
232,53,927,219,130,129,1,-1,-1,-1
233,52,912,285,139,117,1,-1,-1,-1
233,53,927,219,130,129,1,-1,-1,-1
234,52,912,285,139,117,1,-1,-1,-1
234,53,927,219,130,129,1,-1,-1,-1
235,52,912,285,138,117,1,-1,-1,-1
235,53,927,219,130,129,1,-1,-1,-1
236,52,912,285,138,117,1,-1,-1,-1
236,53,927,219,130,129,1,-1,-1,-1
237,52,912,286,138,117,1,-1,-1,-1
237,53,927,219,130,129,1,-1,-1,-1
238,52,912,286,138,117,1,-1,-1,-1
238,53,927,219,130,129,1,-1,-1,-1
239,52,912,285,139,117,1,-1,-1,-1
239,53,927,219,130,129,1,-1,-1,-1
240,52,912,285,139,117,1,-1,-1,-1
240,53,927,219,130,129,1,-1,-1,-1
241,52,912,285,139,117,1,-1,-1,-1
241,53,927,219,130,129,1,-1,-1,-1
242,52,912,285,140,117,1,-1,-1,-1
242,53,927,219,130,129,1,-1,-1,-1
243,52,911,285,141,117,1,-1,-1,-1
243,53,927,219,130,129,1,-1,-1,-1
244,52,911,285,141,117,1,-1,-1,-1
244,53,927,219,130,129,1,-1,-1,-1
245,52,911,285,141,117,1,-1,-1,-1
245,53,927,219,130,129,1,-1,-1,-1
246,52,911,285,141,117,1,-1,-1,-1
246,53,927,219,130,129,1,-1,-1,-1
247,52,911,285,141,117,1,-1,-1,-1
247,53,927,219,130,129,1,-1,-1,-1
248,52,911,285,141,117,1,-1,-1,-1
248,53,927,219,130,129,1,-1,-1,-1
249,52,911,285,142,117,1,-1,-1,-1
249,53,927,219,130,129,1,-1,-1,-1
250,52,911,285,143,117,1,-1,-1,-1
250,53,927,219,130,129,1,-1,-1,-1
251,52,911,285,142,116,1,-1,-1,-1
251,53,927,219,130,129,1,-1,-1,-1
252,52,911,286,141,116,1,-1,-1,-1
252,53,927,219,130,129,1,-1,-1,-1
253,52,912,287,140,114,1,-1,-1,-1
253,53,927,219,130,129,1,-1,-1,-1
254,52,912,287,140,114,1,-1,-1,-1
254,53,927,219,130,129,1,-1,-1,-1
255,52,912,287,139,114,1,-1,-1,-1
255,53,927,219,130,129,1,-1,-1,-1
256,52,912,287,139,114,1,-1,-1,-1
256,53,927,219,130,129,1,-1,-1,-1
257,52,912,287,139,114,1,-1,-1,-1
257,53,927,219,130,129,1,-1,-1,-1
258,52,912,287,139,113,1,-1,-1,-1
258,53,927,219,130,129,1,-1,-1,-1
259,52,911,287,140,113,1,-1,-1,-1
259,53,927,219,130,129,1,-1,-1,-1
259,63,1540,467,380,201,1,-1,-1,-1
260,52,911,287,140,113,1,-1,-1,-1
260,53,927,219,130,129,1,-1,-1,-1
260,63,1351,455,416,196,1,-1,-1,-1
261,52,911,286,142,116,1,-1,-1,-1
261,53,927,219,130,129,1,-1,-1,-1
261,63,1144,423,435,233,1,-1,-1,-1
262,52,911,285,143,117,1,-1,-1,-1
262,53,927,219,130,129,1,-1,-1,-1
262,63,955,416,440,220,1,-1,-1,-1
263,52,910,284,144,118,1,-1,-1,-1
263,53,927,219,130,129,1,-1,-1,-1
263,63,767,409,447,207,1,-1,-1,-1
264,52,911,285,141,117,1,-1,-1,-1
264,53,927,219,130,129,1,-1,-1,-1
264,63,578,401,453,194,1,-1,-1,-1
265,52,911,285,141,116,1,-1,-1,-1
265,53,927,219,130,129,1,-1,-1,-1
265,63,433,390,432,191,1,-1,-1,-1
266,52,911,286,141,114,1,-1,-1,-1
266,53,927,219,130,129,1,-1,-1,-1
266,63,289,379,411,189,1,-1,-1,-1
266,64,1515,518,405,233,1,-1,-1,-1
267,52,911,285,142,116,1,-1,-1,-1
267,53,927,219,130,129,1,-1,-1,-1
267,63,145,369,391,187,1,-1,-1,-1
267,64,1262,493,541,243,1,-1,-1,-1
268,52,911,285,142,117,1,-1,-1,-1
268,53,927,219,130,129,1,-1,-1,-1
268,63,1,358,370,186,1,-1,-1,-1
268,64,1066,477,524,238,1,-1,-1,-1
269,52,911,285,142,117,1,-1,-1,-1
269,53,927,219,130,129,1,-1,-1,-1
269,64,871,461,507,232,1,-1,-1,-1
270,52,911,285,143,117,1,-1,-1,-1
270,53,927,219,130,129,1,-1,-1,-1
270,64,676,446,490,227,1,-1,-1,-1
271,52,912,284,142,117,1,-1,-1,-1
271,53,927,219,130,129,1,-1,-1,-1
271,64,481,430,473,221,1,-1,-1,-1
272,52,912,284,141,117,1,-1,-1,-1
272,53,927,219,130,129,1,-1,-1,-1
272,64,318,415,457,220,1,-1,-1,-1
273,52,912,284,141,118,1,-1,-1,-1
273,53,927,219,130,129,1,-1,-1,-1
273,64,156,401,440,219,1,-1,-1,-1
274,52,912,284,141,118,1,-1,-1,-1
274,53,927,219,130,129,1,-1,-1,-1
274,64,0,387,421,219,1,-1,-1,-1
275,52,912,284,141,117,1,-1,-1,-1
275,53,927,219,130,129,1,-1,-1,-1
276,52,912,284,141,117,1,-1,-1,-1
276,53,927,219,130,129,1,-1,-1,-1
277,52,912,285,142,117,1,-1,-1,-1
277,53,927,219,130,129,1,-1,-1,-1
278,52,912,285,141,117,1,-1,-1,-1
278,53,927,219,130,129,1,-1,-1,-1
279,52,912,285,140,116,1,-1,-1,-1
279,53,927,219,130,129,1,-1,-1,-1
280,52,912,286,139,114,1,-1,-1,-1
280,53,927,219,130,129,1,-1,-1,-1
281,52,912,287,138,113,1,-1,-1,-1
281,53,927,220,130,129,1,-1,-1,-1
282,52,913,288,135,113,1,-1,-1,-1
282,53,927,220,131,129,1,-1,-1,-1
283,52,913,288,134,112,1,-1,-1,-1
283,53,927,220,131,129,1,-1,-1,-1
284,52,913,289,134,112,1,-1,-1,-1
284,53,926,220,131,129,1,-1,-1,-1
285,52,913,289,133,111,1,-1,-1,-1
285,53,926,221,131,129,1,-1,-1,-1
286,52,913,290,134,111,1,-1,-1,-1
286,53,926,221,132,129,1,-1,-1,-1
287,52,913,289,134,111,1,-1,-1,-1
287,53,926,221,132,129,1,-1,-1,-1
288,52,913,289,134,111,1,-1,-1,-1
288,53,926,222,132,129,1,-1,-1,-1
289,52,912,289,135,112,1,-1,-1,-1
289,53,926,222,132,129,1,-1,-1,-1
290,52,912,288,135,112,1,-1,-1,-1
290,53,926,222,132,129,1,-1,-1,-1
291,52,912,288,136,113,1,-1,-1,-1
291,53,926,222,133,129,1,-1,-1,-1
292,52,911,287,138,113,1,-1,-1,-1
292,53,926,223,133,129,1,-1,-1,-1
293,52,911,287,140,114,1,-1,-1,-1
293,53,925,223,133,129,1,-1,-1,-1
294,52,911,285,141,116,1,-1,-1,-1
294,53,925,223,133,129,1,-1,-1,-1
295,52,910,284,142,117,1,-1,-1,-1
295,53,925,223,134,129,1,-1,-1,-1
296,52,910,283,143,117,1,-1,-1,-1
297,52,910,283,143,117,1,-1,-1,-1
298,52,910,284,143,117,1,-1,-1,-1
299,52,910,283,143,117,1,-1,-1,-1
300,52,909,283,144,117,1,-1,-1,-1
301,52,909,283,144,118,1,-1,-1,-1
302,52,909,282,144,119,1,-1,-1,-1
303,52,909,282,144,119,1,-1,-1,-1
304,52,910,282,143,120,1,-1,-1,-1
305,52,910,282,143,119,1,-1,-1,-1
306,52,910,282,142,119,1,-1,-1,-1
307,52,911,283,142,118,1,-1,-1,-1
308,52,911,284,141,118,1,-1,-1,-1
309,52,911,285,140,117,1,-1,-1,-1
309,53,925,224,134,129,1,-1,-1,-1
310,52,911,284,141,117,1,-1,-1,-1
311,52,911,283,141,119,1,-1,-1,-1
312,52,911,282,142,121,1,-1,-1,-1
313,52,911,280,143,122,1,-1,-1,-1
314,52,911,280,142,122,1,-1,-1,-1
315,52,911,280,142,122,1,-1,-1,-1
316,52,911,281,141,121,1,-1,-1,-1
317,52,911,282,141,121,1,-1,-1,-1
318,52,911,282,141,120,1,-1,-1,-1
319,52,911,282,141,120,1,-1,-1,-1
320,52,910,283,141,119,1,-1,-1,-1
321,52,911,283,141,119,1,-1,-1,-1
322,52,910,282,142,120,1,-1,-1,-1
323,52,910,282,142,120,1,-1,-1,-1
324,52,910,282,143,121,1,-1,-1,-1
325,52,910,282,143,121,1,-1,-1,-1
326,52,910,282,143,121,1,-1,-1,-1
327,52,910,282,142,120,1,-1,-1,-1
328,52,911,283,142,120,1,-1,-1,-1
328,66,0,595,832,432,1,-1,-1,-1
329,52,911,284,142,119,1,-1,-1,-1
329,66,267,632,908,420,1,-1,-1,-1
330,52,911,283,142,119,1,-1,-1,-1
330,66,578,668,960,409,1,-1,-1,-1
331,52,911,283,142,119,1,-1,-1,-1
331,66,890,706,1014,374,1,-1,-1,-1
332,52,911,283,141,119,1,-1,-1,-1
333,52,911,283,141,119,1,-1,-1,-1
334,52,911,282,141,120,1,-1,-1,-1
335,52,911,282,141,120,1,-1,-1,-1
336,52,911,283,140,119,1,-1,-1,-1
337,52,911,284,139,117,1,-1,-1,-1
338,52,911,286,139,116,1,-1,-1,-1
338,53,925,224,134,130,1,-1,-1,-1
339,52,911,286,139,116,1,-1,-1,-1
339,53,925,224,134,130,1,-1,-1,-1
340,52,911,286,140,116,1,-1,-1,-1
340,53,925,224,134,130,1,-1,-1,-1
341,52,911,285,141,117,1,-1,-1,-1
342,52,911,283,142,119,1,-1,-1,-1
343,52,910,283,142,120,1,-1,-1,-1
344,52,910,283,142,120,1,-1,-1,-1
345,52,910,283,143,119,1,-1,-1,-1
346,52,910,282,143,120,1,-1,-1,-1
347,52,910,283,143,119,1,-1,-1,-1
348,52,911,284,142,119,1,-1,-1,-1
349,52,911,285,141,117,1,-1,-1,-1
350,52,911,285,141,118,1,-1,-1,-1
351,52,910,283,143,119,1,-1,-1,-1
352,52,909,281,144,121,1,-1,-1,-1
353,52,909,279,144,122,1,-1,-1,-1
354,52,910,282,143,121,1,-1,-1,-1
355,52,910,283,142,119,1,-1,-1,-1
356,52,911,285,141,118,1,-1,-1,-1
357,52,911,286,140,116,1,-1,-1,-1
357,53,925,224,134,130,1,-1,-1,-1
358,52,911,287,139,114,1,-1,-1,-1
358,53,925,224,134,130,1,-1,-1,-1
359,52,911,287,139,114,1,-1,-1,-1
359,53,925,224,134,130,1,-1,-1,-1
360,52,911,286,139,116,1,-1,-1,-1
360,53,925,224,134,130,1,-1,-1,-1
361,52,911,285,140,117,1,-1,-1,-1
361,53,925,224,134,130,1,-1,-1,-1
362,52,911,283,141,118,1,-1,-1,-1
363,52,910,283,142,119,1,-1,-1,-1
364,52,911,284,141,118,1,-1,-1,-1
365,52,911,285,141,117,1,-1,-1,-1
366,52,911,286,140,116,1,-1,-1,-1
366,53,925,224,134,130,1,-1,-1,-1
367,52,911,287,139,114,1,-1,-1,-1
367,53,925,224,134,130,1,-1,-1,-1
368,52,912,287,139,114,1,-1,-1,-1
368,53,925,224,134,130,1,-1,-1,-1
369,52,911,286,139,114,1,-1,-1,-1
369,53,925,224,134,130,1,-1,-1,-1
370,52,911,286,140,116,1,-1,-1,-1
370,53,925,224,134,130,1,-1,-1,-1
371,52,911,285,140,116,1,-1,-1,-1
371,53,925,224,134,130,1,-1,-1,-1
372,52,911,285,139,117,1,-1,-1,-1
372,53,925,224,134,130,1,-1,-1,-1
373,52,911,286,139,116,1,-1,-1,-1
373,53,925,224,134,130,1,-1,-1,-1
374,52,911,287,139,114,1,-1,-1,-1
374,53,925,224,134,130,1,-1,-1,-1
375,52,912,288,138,113,1,-1,-1,-1
375,53,925,224,134,130,1,-1,-1,-1
376,52,912,288,138,112,1,-1,-1,-1
376,53,925,224,134,130,1,-1,-1,-1
377,52,912,289,138,112,1,-1,-1,-1
377,53,925,224,134,130,1,-1,-1,-1
378,52,912,288,138,112,1,-1,-1,-1
378,53,925,224,134,130,1,-1,-1,-1
379,52,912,288,138,113,1,-1,-1,-1
379,53,925,224,134,130,1,-1,-1,-1
380,52,912,287,138,113,1,-1,-1,-1
380,53,925,224,134,130,1,-1,-1,-1
381,52,911,286,139,114,1,-1,-1,-1
381,53,925,224,134,130,1,-1,-1,-1
382,52,911,285,141,116,1,-1,-1,-1
383,52,911,285,141,116,1,-1,-1,-1
384,52,911,286,140,113,1,-1,-1,-1
384,53,925,224,134,130,1,-1,-1,-1
385,52,911,287,139,112,1,-1,-1,-1
385,53,925,224,134,130,1,-1,-1,-1
386,52,911,288,140,112,1,-1,-1,-1
386,53,925,224,134,130,1,-1,-1,-1
386,67,1380,441,540,241,1,-1,-1,-1
387,52,911,287,140,113,1,-1,-1,-1
387,53,925,224,134,130,1,-1,-1,-1
387,67,1190,429,539,237,1,-1,-1,-1
388,52,911,286,142,114,1,-1,-1,-1
388,53,925,224,134,130,1,-1,-1,-1
388,67,1000,417,531,232,1,-1,-1,-1
389,52,911,285,143,116,1,-1,-1,-1
389,67,809,406,523,228,1,-1,-1,-1
390,52,911,285,143,114,1,-1,-1,-1
390,67,620,395,515,223,1,-1,-1,-1
391,52,911,285,142,116,1,-1,-1,-1
391,67,464,386,494,216,1,-1,-1,-1
392,52,911,285,141,117,1,-1,-1,-1
392,67,308,378,474,208,1,-1,-1,-1
393,52,911,284,141,118,1,-1,-1,-1
393,67,153,369,454,200,1,-1,-1,-1
394,52,912,285,140,118,1,-1,-1,-1
394,67,0,360,435,193,1,-1,-1,-1
395,52,912,285,139,117,1,-1,-1,-1
395,53,925,224,134,130,1,-1,-1,-1
396,52,912,285,138,117,1,-1,-1,-1
396,53,925,224,134,131,1,-1,-1,-1
397,52,912,285,139,117,1,-1,-1,-1
398,52,912,285,140,118,1,-1,-1,-1
399,52,912,284,140,119,1,-1,-1,-1
400,52,912,284,140,119,1,-1,-1,-1
401,52,912,285,139,118,1,-1,-1,-1
402,52,912,286,139,116,1,-1,-1,-1
402,53,925,224,134,131,1,-1,-1,-1
403,52,912,286,139,114,1,-1,-1,-1
403,53,925,224,134,131,1,-1,-1,-1
404,52,912,287,139,114,1,-1,-1,-1
404,53,925,224,134,131,1,-1,-1,-1
405,52,912,287,139,114,1,-1,-1,-1
405,53,925,224,134,131,1,-1,-1,-1
406,52,912,287,139,114,1,-1,-1,-1
406,53,925,224,134,131,1,-1,-1,-1
407,52,912,287,140,114,1,-1,-1,-1
407,53,925,224,134,131,1,-1,-1,-1
408,52,911,286,141,116,1,-1,-1,-1
408,53,925,224,134,131,1,-1,-1,-1
409,52,911,285,141,117,1,-1,-1,-1
410,52,912,286,140,116,1,-1,-1,-1
410,53,925,224,134,131,1,-1,-1,-1
411,52,912,286,140,116,1,-1,-1,-1
411,53,925,224,134,131,1,-1,-1,-1
412,52,912,286,139,116,1,-1,-1,-1
412,53,925,224,134,131,1,-1,-1,-1
412,69,1542,483,378,194,1,-1,-1,-1
413,52,911,286,140,117,1,-1,-1,-1
413,53,925,224,134,131,1,-1,-1,-1
413,69,1345,464,484,213,1,-1,-1,-1
414,52,911,285,140,117,1,-1,-1,-1
414,69,1172,455,477,206,1,-1,-1,-1
415,52,911,285,141,117,1,-1,-1,-1
415,69,1001,445,471,198,1,-1,-1,-1
416,52,911,285,141,117,1,-1,-1,-1
416,69,829,435,464,190,1,-1,-1,-1
417,52,912,286,141,116,1,-1,-1,-1
417,69,657,427,458,183,1,-1,-1,-1
418,52,912,285,140,117,1,-1,-1,-1
418,69,522,417,440,177,1,-1,-1,-1
419,52,911,285,140,117,1,-1,-1,-1
419,69,387,407,422,173,1,-1,-1,-1
420,52,911,285,140,117,1,-1,-1,-1
420,69,252,397,406,168,1,-1,-1,-1
421,52,911,285,140,117,1,-1,-1,-1
421,69,116,388,388,164,1,-1,-1,-1
422,52,912,285,139,118,1,-1,-1,-1
422,69,0,379,371,160,1,-1,-1,-1
423,52,912,284,139,119,1,-1,-1,-1
424,52,912,284,139,119,1,-1,-1,-1
425,52,911,284,139,119,1,-1,-1,-1
426,52,911,285,140,118,1,-1,-1,-1
427,52,911,284,140,119,1,-1,-1,-1
428,52,911,284,140,119,1,-1,-1,-1
429,52,911,284,140,119,1,-1,-1,-1
430,52,911,285,139,118,1,-1,-1,-1
430,53,925,224,134,131,1,-1,-1,-1
431,52,911,285,139,117,1,-1,-1,-1
431,53,925,224,134,131,1,-1,-1,-1
432,52,912,285,139,116,1,-1,-1,-1
433,52,912,284,139,117,1,-1,-1,-1
434,52,912,284,139,116,1,-1,-1,-1
435,52,912,284,139,117,1,-1,-1,-1
436,52,912,284,138,117,1,-1,-1,-1
437,52,912,284,139,117,1,-1,-1,-1
438,52,912,283,139,118,1,-1,-1,-1
439,52,911,282,140,120,1,-1,-1,-1
440,52,911,282,140,120,1,-1,-1,-1
441,52,911,282,139,120,1,-1,-1,-1
442,52,911,283,139,120,1,-1,-1,-1
443,52,911,282,139,120,1,-1,-1,-1
444,52,911,282,139,120,1,-1,-1,-1
445,52,911,283,139,120,1,-1,-1,-1
446,52,911,284,139,118,1,-1,-1,-1
447,52,911,284,139,118,1,-1,-1,-1
448,52,911,284,139,117,1,-1,-1,-1
449,52,911,285,139,117,1,-1,-1,-1
449,53,925,224,134,131,1,-1,-1,-1
450,52,911,285,139,117,1,-1,-1,-1
450,53,925,224,134,131,1,-1,-1,-1
451,52,911,285,139,116,1,-1,-1,-1
451,53,925,224,134,131,1,-1,-1,-1
452,52,911,285,140,117,1,-1,-1,-1
453,52,911,284,141,118,1,-1,-1,-1
454,52,910,283,141,119,1,-1,-1,-1
455,52,910,283,141,120,1,-1,-1,-1
456,52,910,283,142,120,1,-1,-1,-1
456,79,815,140,76,58,1,-1,-1,-1
457,52,910,282,142,120,1,-1,-1,-1
457,79,816,140,77,59,1,-1,-1,-1
458,52,910,281,143,121,1,-1,-1,-1
458,79,818,141,78,60,1,-1,-1,-1
459,52,910,280,143,122,1,-1,-1,-1
459,79,819,141,79,61,1,-1,-1,-1
460,52,910,280,143,122,1,-1,-1,-1
460,76,907,180,103,90,1,-1,-1,-1
460,79,820,142,80,61,1,-1,-1,-1
461,52,910,283,142,120,1,-1,-1,-1
461,76,907,180,103,90,1,-1,-1,-1
461,79,821,142,81,62,1,-1,-1,-1
462,52,910,284,141,119,1,-1,-1,-1
462,76,907,180,103,90,1,-1,-1,-1
462,79,823,143,82,63,1,-1,-1,-1
463,52,910,285,140,117,1,-1,-1,-1
463,76,907,180,103,90,1,-1,-1,-1
463,79,824,143,83,64,1,-1,-1,-1
464,52,910,286,139,116,1,-1,-1,-1
464,53,926,224,133,132,1,-1,-1,-1
464,79,825,143,83,63,1,-1,-1,-1
465,52,910,287,138,113,1,-1,-1,-1
465,53,926,224,133,132,1,-1,-1,-1
465,79,826,144,84,63,1,-1,-1,-1
466,52,910,288,136,113,1,-1,-1,-1
466,53,926,224,133,132,1,-1,-1,-1
466,79,828,144,84,62,1,-1,-1,-1
467,52,911,287,136,114,1,-1,-1,-1
467,53,926,224,133,132,1,-1,-1,-1
467,79,829,144,84,61,1,-1,-1,-1
468,52,911,286,136,114,1,-1,-1,-1
468,53,926,224,133,132,1,-1,-1,-1
468,79,830,145,85,61,1,-1,-1,-1
469,52,911,286,136,116,1,-1,-1,-1
469,53,926,224,133,132,1,-1,-1,-1
469,79,831,145,85,60,1,-1,-1,-1
470,52,911,286,138,116,1,-1,-1,-1
470,53,926,224,133,132,1,-1,-1,-1
470,79,833,146,85,60,1,-1,-1,-1
471,52,911,286,136,116,1,-1,-1,-1
471,53,926,224,133,132,1,-1,-1,-1
471,76,908,179,103,92,1,-1,-1,-1
471,79,834,146,84,61,1,-1,-1,-1
472,52,912,286,136,116,1,-1,-1,-1
472,53,926,224,133,132,1,-1,-1,-1
472,79,836,147,84,61,1,-1,-1,-1
473,52,912,285,138,118,1,-1,-1,-1
473,79,838,148,83,61,1,-1,-1,-1
474,52,911,284,138,119,1,-1,-1,-1
474,79,839,148,83,62,1,-1,-1,-1
475,52,911,284,139,120,1,-1,-1,-1
475,79,841,149,82,62,1,-1,-1,-1
476,52,912,285,136,118,1,-1,-1,-1
476,53,926,224,133,132,1,-1,-1,-1
476,79,842,149,82,62,1,-1,-1,-1
477,52,912,287,135,116,1,-1,-1,-1
477,53,926,224,133,132,1,-1,-1,-1
477,79,842,150,82,62,1,-1,-1,-1
478,52,913,287,133,114,1,-1,-1,-1
478,53,926,224,133,132,1,-1,-1,-1
478,79,843,150,82,62,1,-1,-1,-1
479,52,913,288,133,113,1,-1,-1,-1
479,53,926,224,133,132,1,-1,-1,-1
479,79,843,151,82,62,1,-1,-1,-1
480,52,913,287,134,114,1,-1,-1,-1
480,53,926,224,133,132,1,-1,-1,-1
480,79,844,151,81,62,1,-1,-1,-1
481,52,912,285,135,117,1,-1,-1,-1
481,53,926,224,133,132,1,-1,-1,-1
481,79,844,151,81,62,1,-1,-1,-1
482,52,912,283,136,119,1,-1,-1,-1
482,79,845,152,81,62,1,-1,-1,-1
483,52,912,283,136,120,1,-1,-1,-1
483,79,846,152,81,63,1,-1,-1,-1
484,52,912,283,136,120,1,-1,-1,-1
484,76,909,179,104,94,1,-1,-1,-1
484,79,846,152,81,63,1,-1,-1,-1
485,52,912,283,136,120,1,-1,-1,-1
485,76,909,179,104,94,1,-1,-1,-1
485,79,847,153,81,63,1,-1,-1,-1
486,52,912,284,135,119,1,-1,-1,-1
486,53,926,224,133,132,1,-1,-1,-1
486,76,909,179,104,94,1,-1,-1,-1
486,79,847,153,81,63,1,-1,-1,-1
487,52,912,285,135,117,1,-1,-1,-1
487,53,926,224,133,132,1,-1,-1,-1
487,76,909,179,104,94,1,-1,-1,-1
487,79,848,154,81,63,1,-1,-1,-1
488,52,912,286,135,116,1,-1,-1,-1
488,53,926,224,133,132,1,-1,-1,-1
488,76,909,179,104,94,1,-1,-1,-1
488,79,848,154,80,63,1,-1,-1,-1
489,52,912,285,135,117,1,-1,-1,-1
489,53,926,224,133,132,1,-1,-1,-1
489,76,909,179,104,94,1,-1,-1,-1
489,79,849,154,80,63,1,-1,-1,-1
490,52,912,284,136,118,1,-1,-1,-1
490,76,909,179,104,94,1,-1,-1,-1
490,79,849,155,80,63,1,-1,-1,-1
491,52,911,282,138,120,1,-1,-1,-1
491,76,909,179,104,94,1,-1,-1,-1
491,79,850,155,80,63,1,-1,-1,-1
492,52,912,282,138,120,1,-1,-1,-1
492,79,850,155,80,63,1,-1,-1,-1
493,52,912,281,138,121,1,-1,-1,-1
493,79,850,155,80,63,1,-1,-1,-1
494,52,912,281,138,121,1,-1,-1,-1
494,79,850,155,80,63,1,-1,-1,-1
495,52,912,282,138,120,1,-1,-1,-1
495,79,850,155,80,63,1,-1,-1,-1
496,52,912,282,138,120,1,-1,-1,-1
496,79,850,155,80,63,1,-1,-1,-1
497,52,912,282,138,120,1,-1,-1,-1
497,79,850,155,80,63,1,-1,-1,-1
498,52,912,282,138,120,1,-1,-1,-1
498,79,850,154,81,62,1,-1,-1,-1
499,52,912,282,138,120,1,-1,-1,-1
499,79,850,154,81,62,1,-1,-1,-1
500,52,912,282,138,121,1,-1,-1,-1
500,79,850,154,81,62,1,-1,-1,-1
501,52,912,282,138,120,1,-1,-1,-1
501,79,850,154,81,62,1,-1,-1,-1
502,52,912,282,138,120,1,-1,-1,-1
502,79,850,154,81,62,1,-1,-1,-1
503,52,911,282,139,120,1,-1,-1,-1
503,79,850,154,81,62,1,-1,-1,-1
504,52,911,281,141,121,1,-1,-1,-1
504,79,850,154,81,62,1,-1,-1,-1
505,52,911,281,141,121,1,-1,-1,-1
505,79,850,154,81,62,1,-1,-1,-1
506,52,911,282,141,121,1,-1,-1,-1
506,79,850,154,81,62,1,-1,-1,-1
507,52,911,282,140,120,1,-1,-1,-1
507,79,850,154,81,62,1,-1,-1,-1
508,52,911,283,140,120,1,-1,-1,-1
508,79,850,154,81,62,1,-1,-1,-1
509,52,912,283,140,119,1,-1,-1,-1
509,79,850,154,81,62,1,-1,-1,-1
510,52,912,284,139,118,1,-1,-1,-1
510,79,850,154,81,62,1,-1,-1,-1
511,52,911,283,139,119,1,-1,-1,-1
511,79,850,154,81,62,1,-1,-1,-1
512,52,911,283,140,120,1,-1,-1,-1
512,79,850,154,81,62,1,-1,-1,-1
513,52,911,283,140,119,1,-1,-1,-1
513,79,850,154,81,62,1,-1,-1,-1
514,52,911,284,138,118,1,-1,-1,-1
514,79,850,154,82,62,1,-1,-1,-1
515,52,911,285,136,117,1,-1,-1,-1
515,53,926,224,133,132,1,-1,-1,-1
515,79,850,154,82,62,1,-1,-1,-1
516,52,911,284,138,117,1,-1,-1,-1
516,79,850,154,82,62,1,-1,-1,-1
517,52,911,283,139,118,1,-1,-1,-1
517,79,850,154,82,62,1,-1,-1,-1
518,52,911,283,139,119,1,-1,-1,-1
518,79,850,154,82,62,1,-1,-1,-1
519,52,911,283,140,119,1,-1,-1,-1
519,79,850,154,82,62,1,-1,-1,-1
520,52,910,282,140,119,1,-1,-1,-1
520,79,850,154,82,62,1,-1,-1,-1
521,52,911,283,140,119,1,-1,-1,-1
521,79,850,154,82,62,1,-1,-1,-1
522,52,911,285,138,117,1,-1,-1,-1
522,53,926,224,133,132,1,-1,-1,-1
522,79,850,154,82,62,1,-1,-1,-1
523,52,912,287,136,113,1,-1,-1,-1
523,53,926,224,133,132,1,-1,-1,-1
523,79,850,154,82,62,1,-1,-1,-1
524,52,912,289,135,111,1,-1,-1,-1
524,53,926,224,133,132,1,-1,-1,-1
524,79,850,154,82,62,1,-1,-1,-1
525,52,912,289,135,111,1,-1,-1,-1
525,53,926,224,133,132,1,-1,-1,-1
525,79,850,154,82,62,1,-1,-1,-1
526,52,912,287,135,113,1,-1,-1,-1
526,53,926,224,133,132,1,-1,-1,-1
526,79,850,154,82,62,1,-1,-1,-1
527,52,912,286,135,114,1,-1,-1,-1
527,53,926,224,133,132,1,-1,-1,-1
527,79,850,154,82,62,1,-1,-1,-1
528,52,912,284,136,117,1,-1,-1,-1
528,76,908,181,107,94,1,-1,-1,-1
528,79,850,154,82,62,1,-1,-1,-1
529,52,912,284,136,117,1,-1,-1,-1
529,76,907,181,107,94,1,-1,-1,-1
529,79,850,154,82,62,1,-1,-1,-1
530,52,912,284,136,117,1,-1,-1,-1
530,76,907,181,107,94,1,-1,-1,-1
530,79,850,154,82,62,1,-1,-1,-1
531,52,912,284,136,117,1,-1,-1,-1
531,76,907,181,107,94,1,-1,-1,-1
531,79,850,154,82,62,1,-1,-1,-1
532,52,912,284,138,117,1,-1,-1,-1
532,76,907,181,107,94,1,-1,-1,-1
532,79,850,154,82,62,1,-1,-1,-1
533,52,912,284,138,117,1,-1,-1,-1
533,76,907,181,108,94,1,-1,-1,-1
533,79,850,154,82,62,1,-1,-1,-1
534,52,912,285,138,117,1,-1,-1,-1
534,76,907,181,108,94,1,-1,-1,-1
534,79,850,155,83,63,1,-1,-1,-1
535,52,912,285,138,117,1,-1,-1,-1
535,73,1510,800,362,280,1,-1,-1,-1
535,76,907,181,108,94,1,-1,-1,-1
535,79,850,155,83,63,1,-1,-1,-1
536,52,912,284,138,118,1,-1,-1,-1
536,73,1489,768,381,309,1,-1,-1,-1
536,76,907,181,108,94,1,-1,-1,-1
536,79,850,155,83,63,1,-1,-1,-1
537,52,912,283,138,118,1,-1,-1,-1
537,73,1487,721,351,312,1,-1,-1,-1
537,76,907,181,108,94,1,-1,-1,-1
537,79,850,155,83,63,1,-1,-1,-1
538,52,912,283,138,118,1,-1,-1,-1
538,73,1485,704,339,307,1,-1,-1,-1
538,76,907,181,108,94,1,-1,-1,-1
538,79,850,155,83,63,1,-1,-1,-1
539,52,912,284,136,118,1,-1,-1,-1
539,73,1476,655,334,295,1,-1,-1,-1
539,76,907,181,108,94,1,-1,-1,-1
539,79,850,155,83,63,1,-1,-1,-1
540,52,913,285,135,117,1,-1,-1,-1
540,53,926,224,133,133,1,-1,-1,-1
540,73,1463,646,317,266,1,-1,-1,-1
540,76,907,181,108,94,1,-1,-1,-1
540,79,850,155,83,63,1,-1,-1,-1
541,52,913,286,135,116,1,-1,-1,-1
541,53,926,224,133,133,1,-1,-1,-1
541,73,1478,604,301,265,1,-1,-1,-1
541,76,907,181,108,94,1,-1,-1,-1
541,79,850,155,83,63,1,-1,-1,-1
542,52,912,286,136,116,1,-1,-1,-1
542,53,926,224,133,133,1,-1,-1,-1
542,73,1470,590,285,246,1,-1,-1,-1
542,74,497,806,407,274,1,-1,-1,-1
542,76,907,181,108,94,1,-1,-1,-1
542,79,850,155,83,63,1,-1,-1,-1
543,52,912,286,138,117,1,-1,-1,-1
543,53,926,224,133,133,1,-1,-1,-1
543,73,1459,550,285,243,1,-1,-1,-1
543,74,469,778,420,301,1,-1,-1,-1
543,76,907,181,108,94,1,-1,-1,-1
543,79,850,155,83,63,1,-1,-1,-1
544,52,912,286,138,117,1,-1,-1,-1
544,53,926,224,133,133,1,-1,-1,-1
544,73,1460,540,267,229,1,-1,-1,-1
544,74,441,750,432,328,1,-1,-1,-1
544,76,907,181,108,94,1,-1,-1,-1
544,79,850,155,83,63,1,-1,-1,-1
545,52,911,285,139,118,1,-1,-1,-1
545,73,1454,527,256,215,1,-1,-1,-1
545,74,427,692,419,370,1,-1,-1,-1
545,76,907,181,109,94,1,-1,-1,-1
545,79,850,155,83,63,1,-1,-1,-1
546,52,911,283,140,119,1,-1,-1,-1
546,73,1441,497,260,212,1,-1,-1,-1
546,74,408,667,417,358,1,-1,-1,-1
546,76,907,181,109,94,1,-1,-1,-1
546,79,850,155,83,63,1,-1,-1,-1
547,52,911,282,141,121,1,-1,-1,-1
547,73,1440,491,245,205,1,-1,-1,-1
547,74,367,643,424,337,1,-1,-1,-1
547,76,907,181,109,94,1,-1,-1,-1
547,79,850,155,83,63,1,-1,-1,-1
548,52,911,282,141,121,1,-1,-1,-1
548,73,1426,476,240,196,1,-1,-1,-1
548,74,354,643,405,290,1,-1,-1,-1
548,76,907,181,109,94,1,-1,-1,-1
548,79,850,155,83,63,1,-1,-1,-1
549,52,911,283,141,120,1,-1,-1,-1
549,73,1423,464,235,188,1,-1,-1,-1
549,74,326,614,416,272,1,-1,-1,-1
549,76,907,181,109,94,1,-1,-1,-1
549,79,849,155,83,63,1,-1,-1,-1
550,52,911,284,141,119,1,-1,-1,-1
550,73,1425,468,220,165,1,-1,-1,-1
550,74,297,605,395,261,1,-1,-1,-1
550,79,849,155,83,63,1,-1,-1,-1
551,52,911,285,140,118,1,-1,-1,-1
551,73,1416,445,215,162,1,-1,-1,-1
551,74,265,585,416,257,1,-1,-1,-1
551,79,849,155,83,63,1,-1,-1,-1
552,52,911,285,140,117,1,-1,-1,-1
552,73,1406,434,205,158,1,-1,-1,-1
552,74,225,576,402,242,1,-1,-1,-1
552,79,849,155,83,63,1,-1,-1,-1
553,52,912,285,139,117,1,-1,-1,-1
553,73,1399,422,199,142,1,-1,-1,-1
553,74,210,552,387,238,1,-1,-1,-1
553,79,849,155,84,63,1,-1,-1,-1
554,52,912,285,139,117,1,-1,-1,-1
554,73,1394,407,196,152,1,-1,-1,-1
554,74,180,539,410,230,1,-1,-1,-1
554,79,849,155,84,63,1,-1,-1,-1
555,52,912,285,138,116,1,-1,-1,-1
555,73,1395,404,183,140,1,-1,-1,-1
555,74,139,521,388,227,1,-1,-1,-1
555,79,849,155,84,63,1,-1,-1,-1
556,52,912,284,138,116,1,-1,-1,-1
556,73,1375,387,185,132,1,-1,-1,-1
556,74,106,514,416,218,1,-1,-1,-1
556,79,849,155,84,63,1,-1,-1,-1
557,52,911,284,138,118,1,-1,-1,-1
557,73,1369,378,184,131,1,-1,-1,-1
557,74,72,496,376,209,1,-1,-1,-1
557,79,849,155,84,63,1,-1,-1,-1
558,52,912,283,138,118,1,-1,-1,-1
558,73,1365,376,175,121,1,-1,-1,-1
558,74,44,489,393,198,1,-1,-1,-1
558,76,907,182,110,94,1,-1,-1,-1
558,79,849,155,84,63,1,-1,-1,-1
559,52,912,285,136,117,1,-1,-1,-1
559,53,926,224,133,133,1,-1,-1,-1
559,73,1363,358,165,123,1,-1,-1,-1
559,74,4,474,365,197,1,-1,-1,-1
559,76,907,182,110,94,1,-1,-1,-1
559,79,849,155,84,63,1,-1,-1,-1
560,52,912,286,135,114,1,-1,-1,-1
560,53,926,224,133,133,1,-1,-1,-1
560,73,1339,351,174,117,1,-1,-1,-1
560,74,0,462,350,194,1,-1,-1,-1
560,76,907,182,110,94,1,-1,-1,-1
560,79,849,155,84,63,1,-1,-1,-1
561,52,913,287,134,113,1,-1,-1,-1
561,53,926,224,133,133,1,-1,-1,-1
561,73,1337,346,164,110,1,-1,-1,-1
561,76,907,182,110,94,1,-1,-1,-1
561,79,849,155,84,63,1,-1,-1,-1
562,52,913,287,133,113,1,-1,-1,-1
562,53,926,224,133,133,1,-1,-1,-1
562,73,1330,330,155,113,1,-1,-1,-1
562,76,907,182,110,94,1,-1,-1,-1
562,79,849,155,84,63,1,-1,-1,-1
563,52,914,287,132,113,1,-1,-1,-1
563,53,926,224,133,133,1,-1,-1,-1
563,73,1315,323,158,111,1,-1,-1,-1
563,76,907,182,110,94,1,-1,-1,-1
563,79,849,155,84,63,1,-1,-1,-1
564,52,914,287,133,114,1,-1,-1,-1
564,53,926,224,133,133,1,-1,-1,-1
564,73,1309,314,155,111,1,-1,-1,-1
564,76,906,182,110,93,1,-1,-1,-1
564,79,849,155,84,63,1,-1,-1,-1
565,52,913,287,133,114,1,-1,-1,-1
565,53,926,224,133,133,1,-1,-1,-1
565,73,1302,308,149,109,1,-1,-1,-1
565,76,906,182,110,93,1,-1,-1,-1
565,79,849,155,84,63,1,-1,-1,-1
566,52,913,287,134,114,1,-1,-1,-1
566,53,926,224,133,133,1,-1,-1,-1
566,73,1295,298,147,105,1,-1,-1,-1
566,76,906,182,110,93,1,-1,-1,-1
566,79,849,155,84,63,1,-1,-1,-1
567,52,913,287,134,114,1,-1,-1,-1
567,53,926,224,133,133,1,-1,-1,-1
567,73,1280,292,151,102,1,-1,-1,-1
567,76,906,182,110,93,1,-1,-1,-1
567,79,849,155,84,63,1,-1,-1,-1
568,52,913,286,134,114,1,-1,-1,-1
568,53,926,224,133,133,1,-1,-1,-1
568,73,1277,284,142,105,1,-1,-1,-1
568,76,906,182,110,93,1,-1,-1,-1
568,79,849,155,84,63,1,-1,-1,-1
569,52,913,287,134,114,1,-1,-1,-1
569,53,926,224,133,133,1,-1,-1,-1
569,73,1271,277,134,105,1,-1,-1,-1
569,76,906,182,110,93,1,-1,-1,-1
569,79,849,155,84,63,1,-1,-1,-1
570,52,913,287,133,114,1,-1,-1,-1
570,53,926,224,133,133,1,-1,-1,-1
570,73,1256,273,136,99,1,-1,-1,-1
570,76,906,182,111,93,1,-1,-1,-1
570,79,849,155,84,63,1,-1,-1,-1
571,52,913,287,134,114,1,-1,-1,-1
571,53,926,224,133,133,1,-1,-1,-1
571,73,1251,265,135,95,1,-1,-1,-1
571,76,906,182,111,93,1,-1,-1,-1
571,79,849,155,84,63,1,-1,-1,-1
572,52,913,287,134,114,1,-1,-1,-1
572,53,926,224,133,133,1,-1,-1,-1
572,73,1246,259,129,98,1,-1,-1,-1
572,76,906,182,111,93,1,-1,-1,-1
572,79,849,155,84,63,1,-1,-1,-1
573,52,913,286,135,117,1,-1,-1,-1
573,53,926,224,133,133,1,-1,-1,-1
573,73,1240,250,124,100,1,-1,-1,-1
573,76,906,182,111,93,1,-1,-1,-1
573,79,849,155,85,63,1,-1,-1,-1
574,52,913,285,136,117,1,-1,-1,-1
574,73,1234,243,124,102,1,-1,-1,-1
574,76,906,182,111,93,1,-1,-1,-1
574,79,849,155,85,63,1,-1,-1,-1
575,52,913,285,136,118,1,-1,-1,-1
575,73,1219,237,127,102,1,-1,-1,-1
575,76,906,182,111,93,1,-1,-1,-1
575,79,849,155,85,63,1,-1,-1,-1
576,52,913,285,136,117,1,-1,-1,-1
576,73,1214,231,121,96,1,-1,-1,-1
576,76,906,182,111,93,1,-1,-1,-1
576,79,849,155,85,63,1,-1,-1,-1
577,52,913,286,135,116,1,-1,-1,-1
577,53,926,224,133,133,1,-1,-1,-1
577,73,1209,235,118,85,1,-1,-1,-1
577,76,906,182,111,93,1,-1,-1,-1
577,79,849,155,85,63,1,-1,-1,-1
578,52,913,286,135,116,1,-1,-1,-1
578,53,926,224,133,133,1,-1,-1,-1
578,73,1203,226,120,91,1,-1,-1,-1
578,76,906,183,111,93,1,-1,-1,-1
578,79,849,155,85,63,1,-1,-1,-1
579,52,913,287,134,114,1,-1,-1,-1
579,53,926,224,133,133,1,-1,-1,-1
579,73,1190,218,116,92,1,-1,-1,-1
579,76,906,183,111,93,1,-1,-1,-1
579,79,849,155,85,63,1,-1,-1,-1
580,52,913,287,134,114,1,-1,-1,-1
580,53,926,224,133,133,1,-1,-1,-1
580,73,1178,222,124,77,1,-1,-1,-1
580,76,906,183,111,93,1,-1,-1,-1
580,79,849,155,85,63,1,-1,-1,-1
581,52,913,286,135,116,1,-1,-1,-1
581,53,926,224,133,133,1,-1,-1,-1
581,70,1667,387,253,169,1,-1,-1,-1
581,73,1172,218,124,78,1,-1,-1,-1
581,76,906,183,111,93,1,-1,-1,-1
581,79,849,155,85,63,1,-1,-1,-1
582,52,912,284,136,118,1,-1,-1,-1
582,70,1650,391,270,155,1,-1,-1,-1
582,73,1165,212,124,80,1,-1,-1,-1
582,76,906,183,111,93,1,-1,-1,-1
582,79,849,155,85,63,1,-1,-1,-1
583,52,912,283,139,120,1,-1,-1,-1
583,70,1607,368,301,171,1,-1,-1,-1
583,73,1159,211,105,77,1,-1,-1,-1
583,76,906,183,112,93,1,-1,-1,-1
583,79,849,155,85,63,1,-1,-1,-1
584,52,912,282,139,121,1,-1,-1,-1
584,70,1593,363,292,166,1,-1,-1,-1
584,73,1148,203,116,75,1,-1,-1,-1
584,76,906,183,112,93,1,-1,-1,-1
584,79,849,155,85,63,1,-1,-1,-1
585,52,912,283,138,120,1,-1,-1,-1
585,70,1567,358,299,160,1,-1,-1,-1
585,73,1142,201,113,75,1,-1,-1,-1
585,76,906,183,112,93,1,-1,-1,-1
585,79,849,155,85,63,1,-1,-1,-1
586,52,912,283,136,120,1,-1,-1,-1
586,70,1529,354,300,158,1,-1,-1,-1
586,73,1134,198,113,72,1,-1,-1,-1
586,76,906,183,112,93,1,-1,-1,-1
586,79,849,155,85,63,1,-1,-1,-1
587,52,913,283,136,120,1,-1,-1,-1
587,70,1515,346,288,156,1,-1,-1,-1
587,73,1135,195,102,69,1,-1,-1,-1
587,76,906,183,112,93,1,-1,-1,-1
587,79,849,155,85,63,1,-1,-1,-1
588,52,913,283,136,121,1,-1,-1,-1
588,70,1512,348,255,143,1,-1,-1,-1
588,73,1121,191,102,67,1,-1,-1,-1
588,76,906,183,112,93,1,-1,-1,-1
588,79,849,155,85,63,1,-1,-1,-1
589,52,913,283,135,120,1,-1,-1,-1
589,70,1485,341,250,140,1,-1,-1,-1
589,73,1113,188,105,68,1,-1,-1,-1
589,76,906,183,112,93,1,-1,-1,-1
589,79,849,155,85,63,1,-1,-1,-1
590,52,913,283,135,120,1,-1,-1,-1
590,70,1487,333,228,140,1,-1,-1,-1
590,73,1105,184,105,69,1,-1,-1,-1
590,76,906,183,112,93,1,-1,-1,-1
590,79,849,155,85,63,1,-1,-1,-1
591,52,913,283,135,120,1,-1,-1,-1
591,70,1460,330,224,135,1,-1,-1,-1
591,73,1099,179,103,70,1,-1,-1,-1
591,76,906,183,112,93,1,-1,-1,-1
591,79,849,155,85,63,1,-1,-1,-1
592,52,912,284,135,119,1,-1,-1,-1
592,53,926,224,133,133,1,-1,-1,-1
592,70,1458,320,209,134,1,-1,-1,-1
592,73,1097,178,89,64,1,-1,-1,-1
592,76,906,183,112,93,1,-1,-1,-1
592,79,849,156,86,64,1,-1,-1,-1
593,52,912,284,135,119,1,-1,-1,-1
593,53,926,224,133,133,1,-1,-1,-1
593,70,1432,315,208,133,1,-1,-1,-1
593,73,1088,171,98,65,1,-1,-1,-1
593,76,906,183,112,93,1,-1,-1,-1
593,79,849,156,86,64,1,-1,-1,-1
594,52,912,284,135,118,1,-1,-1,-1
594,70,1429,309,194,133,1,-1,-1,-1
594,73,1082,170,95,63,1,-1,-1,-1
594,76,906,183,112,93,1,-1,-1,-1
594,79,849,156,86,64,1,-1,-1,-1
595,52,912,283,135,119,1,-1,-1,-1
595,70,1402,304,194,128,1,-1,-1,-1
595,73,1074,170,97,61,1,-1,-1,-1
595,76,906,183,113,93,1,-1,-1,-1
595,79,849,156,86,64,1,-1,-1,-1
596,52,913,284,134,119,1,-1,-1,-1
596,70,1399,302,180,122,1,-1,-1,-1
596,73,1068,168,97,58,1,-1,-1,-1
596,76,906,183,113,93,1,-1,-1,-1
596,79,849,156,86,64,1,-1,-1,-1
597,52,913,284,133,118,1,-1,-1,-1
597,53,926,224,133,134,1,-1,-1,-1
597,70,1372,301,185,117,1,-1,-1,-1
597,73,1061,164,96,59,1,-1,-1,-1
597,76,906,183,113,93,1,-1,-1,-1
597,79,849,156,86,64,1,-1,-1,-1
598,52,913,285,132,117,1,-1,-1,-1
598,53,926,224,133,134,1,-1,-1,-1
598,70,1365,288,176,121,1,-1,-1,-1
598,73,1054,160,95,60,1,-1,-1,-1
598,76,906,183,113,93,1,-1,-1,-1
598,79,849,156,86,64,1,-1,-1,-1
599,52,913,285,133,117,1,-1,-1,-1
599,53,926,224,133,134,1,-1,-1,-1
599,70,1344,284,169,113,1,-1,-1,-1
599,73,1047,156,94,61,1,-1,-1,-1
599,76,905,183,113,93,1,-1,-1,-1
599,79,849,156,86,64,1,-1,-1,-1
600,52,913,284,134,118,1,-1,-1,-1
600,70,1336,278,167,114,1,-1,-1,-1
600,73,1040,152,93,62,1,-1,-1,-1
600,76,905,183,113,93,1,-1,-1,-1
600,79,849,156,86,64,1,-1,-1,-1
601,52,912,283,135,119,1,-1,-1,-1
601,70,1333,273,155,114,1,-1,-1,-1
601,73,1033,149,92,63,1,-1,-1,-1
601,76,905,183,113,93,1,-1,-1,-1
601,79,849,156,86,64,1,-1,-1,-1
602,52,912,283,135,119,1,-1,-1,-1
602,70,1311,270,155,106,1,-1,-1,-1
602,73,1025,145,90,63,1,-1,-1,-1
602,76,905,183,113,93,1,-1,-1,-1
602,79,849,156,86,64,1,-1,-1,-1
603,52,912,283,135,118,1,-1,-1,-1
603,70,1302,260,147,109,1,-1,-1,-1
603,73,1018,141,89,64,1,-1,-1,-1
603,76,905,183,113,93,1,-1,-1,-1
603,79,849,156,86,64,1,-1,-1,-1
604,52,912,283,135,118,1,-1,-1,-1
604,70,1283,260,150,100,1,-1,-1,-1
604,73,1011,137,88,65,1,-1,-1,-1
604,76,905,183,113,93,1,-1,-1,-1
604,79,849,156,86,64,1,-1,-1,-1
605,52,912,282,135,118,1,-1,-1,-1
605,70,1275,260,145,97,1,-1,-1,-1
605,73,1004,133,87,66,1,-1,-1,-1
605,76,905,183,113,93,1,-1,-1,-1
605,79,849,156,86,64,1,-1,-1,-1
606,52,913,283,135,118,1,-1,-1,-1
606,70,1269,255,141,95,1,-1,-1,-1
606,73,997,129,86,67,1,-1,-1,-1
606,76,905,183,113,93,1,-1,-1,-1
606,79,849,156,86,64,1,-1,-1,-1
607,52,913,283,134,118,1,-1,-1,-1
607,70,1254,243,136,101,1,-1,-1,-1
607,76,905,184,114,93,1,-1,-1,-1
607,79,849,156,86,64,1,-1,-1,-1
608,52,913,284,134,117,1,-1,-1,-1
608,70,1248,237,131,105,1,-1,-1,-1
608,76,905,184,114,93,1,-1,-1,-1
608,79,849,156,86,64,1,-1,-1,-1
609,52,913,283,135,118,1,-1,-1,-1
609,70,1239,233,125,106,1,-1,-1,-1
609,76,905,184,114,93,1,-1,-1,-1
609,79,849,156,86,64,1,-1,-1,-1
610,52,913,283,135,118,1,-1,-1,-1
610,70,1233,228,127,100,1,-1,-1,-1
610,76,905,184,114,93,1,-1,-1,-1
610,79,849,156,86,64,1,-1,-1,-1
611,52,912,283,136,118,1,-1,-1,-1
611,70,1219,229,125,97,1,-1,-1,-1
611,76,905,184,114,93,1,-1,-1,-1
611,79,849,156,86,64,1,-1,-1,-1
612,52,912,283,136,118,1,-1,-1,-1
612,70,1213,227,122,95,1,-1,-1,-1
612,76,905,184,114,93,1,-1,-1,-1
612,79,849,156,87,64,1,-1,-1,-1
613,52,912,283,138,118,1,-1,-1,-1
613,70,1208,220,119,97,1,-1,-1,-1
613,76,905,184,114,93,1,-1,-1,-1
613,79,849,156,87,64,1,-1,-1,-1
614,52,912,283,136,118,1,-1,-1,-1
614,70,1203,212,117,100,1,-1,-1,-1
614,76,905,184,114,93,1,-1,-1,-1
614,79,849,156,87,64,1,-1,-1,-1
615,52,913,284,135,117,1,-1,-1,-1
615,70,1190,205,120,101,1,-1,-1,-1
615,76,905,184,114,93,1,-1,-1,-1
615,79,849,156,87,64,1,-1,-1,-1
616,52,913,284,134,117,1,-1,-1,-1
616,70,1183,206,118,94,1,-1,-1,-1
616,76,905,184,114,93,1,-1,-1,-1
616,79,849,156,87,64,1,-1,-1,-1
617,52,914,286,133,114,1,-1,-1,-1
617,53,926,224,133,134,1,-1,-1,-1
617,70,1175,204,117,90,1,-1,-1,-1
617,76,905,184,114,93,1,-1,-1,-1
617,79,849,156,87,64,1,-1,-1,-1
618,52,913,287,133,114,1,-1,-1,-1
618,53,926,224,133,134,1,-1,-1,-1
618,70,1170,204,116,86,1,-1,-1,-1
618,76,905,184,114,93,1,-1,-1,-1
618,79,849,156,87,64,1,-1,-1,-1
619,52,913,288,133,114,1,-1,-1,-1
619,53,926,224,133,134,1,-1,-1,-1
619,70,1167,200,113,81,1,-1,-1,-1
619,76,905,184,114,93,1,-1,-1,-1
619,79,849,156,87,64,1,-1,-1,-1
620,52,912,288,132,113,1,-1,-1,-1
620,53,926,224,133,134,1,-1,-1,-1
620,70,1157,199,111,80,1,-1,-1,-1
620,76,905,184,115,93,1,-1,-1,-1
620,79,849,156,87,64,1,-1,-1,-1
620,80,817,138,75,60,1,-1,-1,-1
621,52,912,289,132,113,1,-1,-1,-1
621,53,926,224,133,134,1,-1,-1,-1
621,70,1149,193,113,83,1,-1,-1,-1
621,76,905,184,115,93,1,-1,-1,-1
621,79,849,156,87,64,1,-1,-1,-1
621,80,817,138,75,60,1,-1,-1,-1
622,52,911,290,132,113,1,-1,-1,-1
622,53,926,224,133,134,1,-1,-1,-1
622,70,1145,189,109,81,1,-1,-1,-1
622,76,905,184,115,93,1,-1,-1,-1
622,79,849,156,87,64,1,-1,-1,-1
622,80,817,138,75,61,1,-1,-1,-1
623,52,910,291,132,113,1,-1,-1,-1
623,53,926,224,133,134,1,-1,-1,-1
623,70,1139,185,109,83,1,-1,-1,-1
623,76,905,184,115,93,1,-1,-1,-1
623,79,849,156,87,64,1,-1,-1,-1
623,80,817,138,75,61,1,-1,-1,-1
624,52,910,291,132,113,1,-1,-1,-1
624,53,926,224,133,134,1,-1,-1,-1
624,70,1134,182,108,83,1,-1,-1,-1
624,76,905,184,115,93,1,-1,-1,-1
624,79,849,156,87,64,1,-1,-1,-1
624,80,817,138,76,62,1,-1,-1,-1
625,52,909,292,132,113,1,-1,-1,-1
625,53,926,224,133,134,1,-1,-1,-1
625,70,1130,179,90,81,1,-1,-1,-1
625,76,905,184,115,93,1,-1,-1,-1
625,79,849,156,87,64,1,-1,-1,-1
625,80,817,138,76,62,1,-1,-1,-1
626,52,908,293,131,112,1,-1,-1,-1
626,53,926,224,133,134,1,-1,-1,-1
626,70,1120,176,103,84,1,-1,-1,-1
626,76,905,184,115,93,1,-1,-1,-1
626,79,849,156,87,64,1,-1,-1,-1
626,80,817,138,76,63,1,-1,-1,-1
627,52,908,294,131,112,1,-1,-1,-1
627,53,926,225,133,133,1,-1,-1,-1
627,70,1115,173,102,80,1,-1,-1,-1
627,76,905,184,115,93,1,-1,-1,-1
627,79,849,156,87,64,1,-1,-1,-1
627,80,818,139,76,63,1,-1,-1,-1
628,52,907,294,131,112,1,-1,-1,-1
628,53,926,226,133,133,1,-1,-1,-1
628,70,1112,172,98,79,1,-1,-1,-1
628,76,905,184,115,93,1,-1,-1,-1
628,79,849,156,87,64,1,-1,-1,-1
628,80,818,139,76,63,1,-1,-1,-1
629,52,907,295,131,112,1,-1,-1,-1
629,53,926,226,133,132,1,-1,-1,-1
629,70,1104,169,99,72,1,-1,-1,-1
629,76,905,184,115,93,1,-1,-1,-1
629,79,849,156,87,64,1,-1,-1,-1
629,80,818,139,76,64,1,-1,-1,-1
630,52,906,296,131,112,1,-1,-1,-1
630,53,926,227,133,131,1,-1,-1,-1
630,70,1101,169,98,70,1,-1,-1,-1
630,76,905,184,115,93,1,-1,-1,-1
630,79,849,156,87,64,1,-1,-1,-1
630,80,818,139,76,64,1,-1,-1,-1
631,52,905,297,130,111,1,-1,-1,-1
631,53,926,228,133,131,1,-1,-1,-1
631,70,1095,165,87,70,1,-1,-1,-1
631,76,905,184,115,93,1,-1,-1,-1
631,79,849,156,87,64,1,-1,-1,-1
631,80,818,139,77,65,1,-1,-1,-1
632,52,905,297,130,111,1,-1,-1,-1
632,53,925,229,134,130,1,-1,-1,-1
632,70,1089,164,91,70,1,-1,-1,-1
632,76,905,184,116,93,1,-1,-1,-1
632,79,849,156,88,64,1,-1,-1,-1
632,80,818,139,77,65,1,-1,-1,-1
633,52,904,298,130,111,1,-1,-1,-1
633,53,925,230,134,130,1,-1,-1,-1
633,70,1083,163,91,67,1,-1,-1,-1
633,76,904,184,116,93,1,-1,-1,-1
633,79,849,156,88,64,1,-1,-1,-1
633,80,818,139,77,66,1,-1,-1,-1
634,52,902,301,132,112,1,-1,-1,-1
634,53,925,231,134,129,1,-1,-1,-1
634,70,1075,159,94,68,1,-1,-1,-1
634,76,904,184,116,93,1,-1,-1,-1
634,79,849,156,88,64,1,-1,-1,-1
634,80,818,139,77,66,1,-1,-1,-1
635,52,900,303,134,113,1,-1,-1,-1
635,53,925,231,134,128,1,-1,-1,-1
635,70,1067,157,99,68,1,-1,-1,-1
635,76,904,184,116,93,1,-1,-1,-1
635,79,849,156,88,64,1,-1,-1,-1
635,80,818,139,77,66,1,-1,-1,-1
636,52,898,306,136,114,1,-1,-1,-1
636,53,925,232,134,128,1,-1,-1,-1
636,70,1066,154,94,66,1,-1,-1,-1
636,76,904,185,116,93,1,-1,-1,-1
636,79,849,156,88,64,1,-1,-1,-1
636,80,818,139,77,66,1,-1,-1,-1
637,52,896,309,137,115,1,-1,-1,-1
637,53,925,233,134,127,1,-1,-1,-1
637,70,1057,150,87,66,1,-1,-1,-1
637,76,904,185,116,93,1,-1,-1,-1
637,79,848,156,88,64,1,-1,-1,-1
637,80,818,139,77,66,1,-1,-1,-1
638,52,894,311,139,116,1,-1,-1,-1
638,53,925,234,134,128,1,-1,-1,-1
638,70,1052,148,86,65,1,-1,-1,-1
638,76,904,185,116,93,1,-1,-1,-1
638,79,848,156,88,64,1,-1,-1,-1
638,80,818,139,77,66,1,-1,-1,-1
639,52,892,314,141,117,1,-1,-1,-1
639,53,925,236,134,128,1,-1,-1,-1
639,70,1047,146,85,65,1,-1,-1,-1
639,76,904,185,116,93,1,-1,-1,-1
639,79,848,156,88,64,1,-1,-1,-1
639,80,818,139,77,66,1,-1,-1,-1
640,52,890,317,143,118,1,-1,-1,-1
640,53,924,237,134,129,1,-1,-1,-1
640,70,1042,144,84,64,1,-1,-1,-1
640,76,904,185,116,93,1,-1,-1,-1
640,79,848,156,88,64,1,-1,-1,-1
640,80,818,139,77,66,1,-1,-1,-1
641,52,888,319,145,120,1,-1,-1,-1
641,53,924,238,134,129,1,-1,-1,-1
641,70,1034,141,85,64,1,-1,-1,-1
641,76,904,185,116,93,1,-1,-1,-1
641,79,848,156,88,64,1,-1,-1,-1
641,80,818,139,78,66,1,-1,-1,-1
642,52,886,322,147,121,1,-1,-1,-1
642,53,924,240,134,130,1,-1,-1,-1
642,70,1025,137,85,64,1,-1,-1,-1
642,76,904,185,116,93,1,-1,-1,-1
642,79,848,156,88,64,1,-1,-1,-1
642,80,818,139,78,66,1,-1,-1,-1
643,52,884,325,149,122,1,-1,-1,-1
643,53,924,241,134,131,1,-1,-1,-1
643,70,1017,134,86,64,1,-1,-1,-1
643,76,904,185,116,93,1,-1,-1,-1
643,79,848,156,88,64,1,-1,-1,-1
643,80,818,139,78,66,1,-1,-1,-1
644,52,882,327,151,123,1,-1,-1,-1
644,53,924,242,134,131,1,-1,-1,-1
644,70,1012,133,85,65,1,-1,-1,-1
644,76,904,185,117,93,1,-1,-1,-1
644,79,848,156,88,64,1,-1,-1,-1
644,80,818,139,78,66,1,-1,-1,-1
645,52,880,330,152,124,1,-1,-1,-1
645,53,923,243,134,132,1,-1,-1,-1
645,70,1005,134,86,63,1,-1,-1,-1
645,76,904,185,117,93,1,-1,-1,-1
645,79,848,156,88,64,1,-1,-1,-1
645,80,818,139,78,66,1,-1,-1,-1
646,52,878,333,154,125,1,-1,-1,-1
646,53,923,245,134,132,1,-1,-1,-1
646,70,998,132,88,64,1,-1,-1,-1
646,76,904,185,117,93,1,-1,-1,-1
646,79,848,156,88,64,1,-1,-1,-1
646,80,818,139,78,66,1,-1,-1,-1
647,52,876,335,156,126,1,-1,-1,-1
647,53,923,246,134,133,1,-1,-1,-1
647,70,994,131,88,61,1,-1,-1,-1
647,76,904,185,117,93,1,-1,-1,-1
647,79,848,156,88,64,1,-1,-1,-1
647,80,818,140,78,65,1,-1,-1,-1
648,52,874,338,158,127,1,-1,-1,-1
648,53,921,248,136,135,1,-1,-1,-1
648,76,904,185,117,93,1,-1,-1,-1
648,79,848,156,88,64,1,-1,-1,-1
648,80,818,140,78,65,1,-1,-1,-1
649,52,868,341,165,132,1,-1,-1,-1
649,53,919,250,138,137,1,-1,-1,-1
649,76,904,185,117,93,1,-1,-1,-1
649,79,848,156,88,64,1,-1,-1,-1
649,80,818,140,78,65,1,-1,-1,-1
650,52,863,345,168,135,1,-1,-1,-1
650,53,917,253,140,139,1,-1,-1,-1
650,76,904,185,117,93,1,-1,-1,-1
650,79,848,156,88,64,1,-1,-1,-1
650,80,818,140,78,65,1,-1,-1,-1
651,52,858,350,171,138,1,-1,-1,-1
651,53,916,255,143,140,1,-1,-1,-1
651,76,905,186,116,94,1,-1,-1,-1
651,79,848,157,89,65,1,-1,-1,-1
651,80,818,140,78,65,1,-1,-1,-1
652,52,854,353,172,140,1,-1,-1,-1
652,53,914,257,145,142,1,-1,-1,-1
652,76,906,186,116,94,1,-1,-1,-1
652,79,848,157,89,65,1,-1,-1,-1
652,80,818,140,78,65,1,-1,-1,-1
653,52,849,360,174,142,1,-1,-1,-1
653,53,912,259,147,144,1,-1,-1,-1
653,76,907,187,115,95,1,-1,-1,-1
653,79,848,157,89,65,1,-1,-1,-1
653,80,818,140,79,65,1,-1,-1,-1
654,52,843,366,176,143,1,-1,-1,-1
654,53,910,262,149,146,1,-1,-1,-1
654,76,908,188,115,95,1,-1,-1,-1
654,79,848,157,89,65,1,-1,-1,-1
654,80,818,140,79,65,1,-1,-1,-1
655,52,841,370,173,145,1,-1,-1,-1
655,53,908,264,151,148,1,-1,-1,-1
655,76,909,188,114,96,1,-1,-1,-1
655,79,848,157,89,65,1,-1,-1,-1
655,80,818,140,79,65,1,-1,-1,-1
656,52,830,375,175,154,1,-1,-1,-1
656,53,906,266,153,150,1,-1,-1,-1
656,76,910,189,113,97,1,-1,-1,-1
656,79,848,157,89,65,1,-1,-1,-1
656,80,818,140,79,65,1,-1,-1,-1
657,52,824,381,180,154,1,-1,-1,-1
657,53,905,268,156,151,1,-1,-1,-1
657,76,911,190,113,97,1,-1,-1,-1
657,79,848,157,89,65,1,-1,-1,-1
657,80,818,140,79,65,1,-1,-1,-1
658,52,815,390,187,158,1,-1,-1,-1
658,53,903,271,158,153,1,-1,-1,-1
658,76,911,190,112,98,1,-1,-1,-1
658,79,848,157,89,65,1,-1,-1,-1
658,80,818,140,79,65,1,-1,-1,-1
659,52,806,399,194,161,1,-1,-1,-1
659,53,901,273,160,155,1,-1,-1,-1
659,76,912,191,112,98,1,-1,-1,-1
659,79,848,157,89,65,1,-1,-1,-1
659,80,818,140,79,65,1,-1,-1,-1
660,52,797,403,200,166,1,-1,-1,-1
660,53,899,275,162,157,1,-1,-1,-1
660,76,913,192,111,99,1,-1,-1,-1
660,79,848,157,89,65,1,-1,-1,-1
660,80,818,140,79,65,1,-1,-1,-1
661,52,773,404,244,180,1,-1,-1,-1
661,53,893,279,166,161,1,-1,-1,-1
661,76,914,192,110,100,1,-1,-1,-1
661,79,848,157,89,65,1,-1,-1,-1
661,80,818,140,79,65,1,-1,-1,-1
662,52,761,419,232,182,1,-1,-1,-1
662,53,888,284,170,165,1,-1,-1,-1
662,76,915,193,110,100,1,-1,-1,-1
662,79,848,157,89,65,1,-1,-1,-1
662,80,818,140,79,65,1,-1,-1,-1
663,52,754,425,234,188,1,-1,-1,-1
663,53,882,288,173,169,1,-1,-1,-1
663,76,916,194,109,101,1,-1,-1,-1
663,79,848,157,89,65,1,-1,-1,-1
663,80,818,140,79,65,1,-1,-1,-1
664,52,747,432,237,194,1,-1,-1,-1
664,53,876,293,177,173,1,-1,-1,-1
664,76,917,194,109,101,1,-1,-1,-1
664,79,848,157,89,65,1,-1,-1,-1
664,80,818,140,79,65,1,-1,-1,-1
665,52,733,434,244,200,1,-1,-1,-1
665,53,870,297,181,177,1,-1,-1,-1
665,76,918,195,108,102,1,-1,-1,-1
665,79,848,157,89,65,1,-1,-1,-1
665,80,818,140,79,65,1,-1,-1,-1
666,52,716,455,250,199,1,-1,-1,-1
666,53,865,302,185,181,1,-1,-1,-1
666,76,918,197,109,103,1,-1,-1,-1
666,79,848,157,89,65,1,-1,-1,-1
666,80,818,140,80,65,1,-1,-1,-1
667,52,694,463,265,207,1,-1,-1,-1
667,53,859,306,189,185,1,-1,-1,-1
667,76,918,198,109,104,1,-1,-1,-1
667,79,848,157,89,65,1,-1,-1,-1
667,80,818,140,80,65,1,-1,-1,-1
668,52,677,471,283,217,1,-1,-1,-1
668,53,853,311,192,189,1,-1,-1,-1
668,76,918,200,110,104,1,-1,-1,-1
668,79,848,157,89,65,1,-1,-1,-1
668,80,818,140,80,65,1,-1,-1,-1
669,52,653,484,290,223,1,-1,-1,-1
669,53,847,315,196,193,1,-1,-1,-1
669,76,918,201,111,105,1,-1,-1,-1
669,79,848,157,89,65,1,-1,-1,-1
669,80,818,140,80,65,1,-1,-1,-1
670,52,628,487,310,238,1,-1,-1,-1
670,53,842,320,200,197,1,-1,-1,-1
670,76,917,203,112,106,1,-1,-1,-1
670,77,895,166,115,96,1,-1,-1,-1
670,79,848,157,89,65,1,-1,-1,-1
670,80,818,140,80,65,1,-1,-1,-1
671,52,600,508,323,252,1,-1,-1,-1
671,53,836,324,204,201,1,-1,-1,-1
671,76,917,205,112,107,1,-1,-1,-1
671,77,895,167,115,96,1,-1,-1,-1
671,79,848,157,90,65,1,-1,-1,-1
671,80,818,140,80,65,1,-1,-1,-1
672,52,583,523,332,261,1,-1,-1,-1
672,53,830,329,208,205,1,-1,-1,-1
672,76,917,206,113,108,1,-1,-1,-1
672,77,896,168,115,97,1,-1,-1,-1
672,79,848,157,90,65,1,-1,-1,-1
672,80,818,141,80,65,1,-1,-1,-1
673,52,537,538,363,274,1,-1,-1,-1
673,53,824,333,211,209,1,-1,-1,-1
673,76,917,208,114,109,1,-1,-1,-1
673,77,896,169,115,97,1,-1,-1,-1
673,79,848,157,90,65,1,-1,-1,-1
673,80,818,141,80,64,1,-1,-1,-1
674,52,509,564,372,287,1,-1,-1,-1
674,53,819,338,215,213,1,-1,-1,-1
674,76,917,209,114,109,1,-1,-1,-1
674,79,848,157,90,65,1,-1,-1,-1
674,80,818,141,80,64,1,-1,-1,-1
675,52,456,587,392,293,1,-1,-1,-1
675,53,813,342,219,217,1,-1,-1,-1
675,76,917,211,115,110,1,-1,-1,-1
675,77,897,172,115,98,1,-1,-1,-1
675,79,848,157,90,65,1,-1,-1,-1
675,80,818,141,80,64,1,-1,-1,-1
676,52,426,602,414,322,1,-1,-1,-1
676,53,802,342,228,224,1,-1,-1,-1
676,76,917,212,116,111,1,-1,-1,-1
676,79,848,157,90,65,1,-1,-1,-1
676,80,818,141,80,64,1,-1,-1,-1
677,52,396,617,435,351,1,-1,-1,-1
677,53,789,362,230,226,1,-1,-1,-1
677,76,917,214,116,112,1,-1,-1,-1
677,77,898,174,116,99,1,-1,-1,-1
677,79,848,157,90,65,1,-1,-1,-1
677,80,818,141,80,64,1,-1,-1,-1
678,52,348,644,430,375,1,-1,-1,-1
678,53,777,358,237,241,1,-1,-1,-1
678,76,916,216,117,113,1,-1,-1,-1
678,79,848,157,90,65,1,-1,-1,-1
678,80,818,141,80,64,1,-1,-1,-1
679,52,297,680,460,382,1,-1,-1,-1
679,53,768,357,246,253,1,-1,-1,-1
679,76,916,217,118,114,1,-1,-1,-1
679,79,848,157,90,65,1,-1,-1,-1
679,80,818,141,81,64,1,-1,-1,-1
680,52,227,741,506,338,1,-1,-1,-1
680,53,747,365,262,255,1,-1,-1,-1
680,76,916,219,119,114,1,-1,-1,-1
680,79,848,157,90,65,1,-1,-1,-1
680,80,818,141,81,64,1,-1,-1,-1
681,53,731,373,278,263,1,-1,-1,-1
681,76,916,220,119,115,1,-1,-1,-1
681,79,849,157,90,66,1,-1,-1,-1
681,80,818,141,81,64,1,-1,-1,-1
682,53,708,377,300,278,1,-1,-1,-1
682,76,916,222,120,116,1,-1,-1,-1
682,79,850,158,90,66,1,-1,-1,-1
682,80,818,141,81,64,1,-1,-1,-1
683,53,687,385,316,283,1,-1,-1,-1
683,76,914,225,122,118,1,-1,-1,-1
683,79,851,158,90,67,1,-1,-1,-1
683,80,818,141,81,64,1,-1,-1,-1
684,53,666,411,325,292,1,-1,-1,-1
684,76,913,228,123,119,1,-1,-1,-1
684,77,900,182,118,104,1,-1,-1,-1
684,79,852,158,89,67,1,-1,-1,-1
684,80,818,141,81,64,1,-1,-1,-1
685,53,653,416,333,305,1,-1,-1,-1
685,76,911,231,125,121,1,-1,-1,-1
685,77,899,182,120,105,1,-1,-1,-1
685,79,853,159,89,68,1,-1,-1,-1
685,80,818,141,81,64,1,-1,-1,-1
686,53,619,433,344,317,1,-1,-1,-1
686,75,798,355,173,145,1,-1,-1,-1
686,76,910,233,127,122,1,-1,-1,-1
686,77,898,183,122,107,1,-1,-1,-1
686,79,855,159,89,68,1,-1,-1,-1
686,80,818,141,81,64,1,-1,-1,-1
687,53,600,436,348,329,1,-1,-1,-1
687,75,792,360,175,148,1,-1,-1,-1
687,76,908,236,128,124,1,-1,-1,-1
687,77,898,184,124,108,1,-1,-1,-1
687,79,856,159,89,69,1,-1,-1,-1
687,80,818,141,81,64,1,-1,-1,-1
688,53,570,461,367,343,1,-1,-1,-1
688,75,785,365,178,151,1,-1,-1,-1
688,76,906,239,130,126,1,-1,-1,-1
688,77,897,184,125,110,1,-1,-1,-1
688,79,857,160,89,69,1,-1,-1,-1
688,80,818,141,81,64,1,-1,-1,-1
689,53,529,483,383,344,1,-1,-1,-1
689,75,779,370,180,154,1,-1,-1,-1
689,76,905,242,132,127,1,-1,-1,-1
689,77,896,185,127,111,1,-1,-1,-1
689,79,858,160,89,70,1,-1,-1,-1
689,80,818,141,81,64,1,-1,-1,-1
690,53,500,491,411,383,1,-1,-1,-1
690,75,770,376,185,155,1,-1,-1,-1
690,76,903,245,134,129,1,-1,-1,-1
690,77,895,185,129,113,1,-1,-1,-1
690,79,859,160,89,70,1,-1,-1,-1
690,80,818,141,81,64,1,-1,-1,-1
691,53,466,517,421,399,1,-1,-1,-1
691,75,762,387,185,169,1,-1,-1,-1
691,76,901,248,135,131,1,-1,-1,-1
691,77,894,186,131,114,1,-1,-1,-1
691,79,860,161,88,71,1,-1,-1,-1
691,80,818,141,82,64,1,-1,-1,-1
692,53,421,533,439,411,1,-1,-1,-1
692,75,745,399,191,165,1,-1,-1,-1
692,76,900,250,137,132,1,-1,-1,-1
692,77,894,187,132,114,1,-1,-1,-1
692,79,861,161,88,71,1,-1,-1,-1
692,80,818,141,82,64,1,-1,-1,-1
693,53,384,576,451,444,1,-1,-1,-1
693,75,733,405,200,166,1,-1,-1,-1
693,76,898,253,139,134,1,-1,-1,-1
693,77,895,189,133,114,1,-1,-1,-1
693,79,862,161,88,72,1,-1,-1,-1
693,80,818,141,82,64,1,-1,-1,-1
694,53,318,599,483,468,1,-1,-1,-1
694,75,706,402,238,194,1,-1,-1,-1
694,76,897,256,140,135,1,-1,-1,-1
694,77,895,192,131,112,1,-1,-1,-1
694,79,863,162,88,72,1,-1,-1,-1
694,80,818,141,82,64,1,-1,-1,-1
695,53,257,622,527,458,1,-1,-1,-1
695,75,698,411,241,195,1,-1,-1,-1
695,76,895,259,142,137,1,-1,-1,-1
695,77,896,195,130,111,1,-1,-1,-1
695,79,864,162,88,73,1,-1,-1,-1
695,80,818,141,82,64,1,-1,-1,-1
696,75,680,428,246,193,1,-1,-1,-1
696,76,890,264,145,140,1,-1,-1,-1
696,77,897,199,129,110,1,-1,-1,-1
696,79,866,162,88,73,1,-1,-1,-1
696,80,818,141,82,64,1,-1,-1,-1
697,75,664,433,262,198,1,-1,-1,-1
697,76,884,269,148,143,1,-1,-1,-1
697,77,898,202,127,108,1,-1,-1,-1
697,79,867,163,88,74,1,-1,-1,-1
697,80,818,141,82,64,1,-1,-1,-1
698,75,646,455,264,197,1,-1,-1,-1
698,76,879,273,151,147,1,-1,-1,-1
698,77,899,205,125,107,1,-1,-1,-1
698,79,868,163,87,74,1,-1,-1,-1
698,80,818,142,82,63,1,-1,-1,-1
699,75,622,463,278,204,1,-1,-1,-1
699,76,873,278,154,150,1,-1,-1,-1
699,77,899,207,125,109,1,-1,-1,-1
699,79,869,163,87,75,1,-1,-1,-1
699,80,818,142,82,63,1,-1,-1,-1
700,75,605,472,289,212,1,-1,-1,-1
700,76,868,283,157,153,1,-1,-1,-1
700,77,899,209,126,111,1,-1,-1,-1
700,79,870,164,87,75,1,-1,-1,-1
700,80,818,142,82,63,1,-1,-1,-1
701,75,578,483,293,227,1,-1,-1,-1
701,76,862,288,160,156,1,-1,-1,-1
701,77,899,211,126,113,1,-1,-1,-1
701,79,871,164,87,76,1,-1,-1,-1
701,80,818,142,82,63,1,-1,-1,-1
702,75,548,503,314,240,1,-1,-1,-1
702,76,857,292,163,160,1,-1,-1,-1
702,77,898,212,126,115,1,-1,-1,-1
702,79,872,163,88,78,1,-1,-1,-1
702,80,818,142,82,63,1,-1,-1,-1
703,75,526,513,320,251,1,-1,-1,-1
703,76,851,297,166,163,1,-1,-1,-1
703,77,898,214,127,117,1,-1,-1,-1
703,79,873,163,89,78,1,-1,-1,-1
703,80,818,142,82,63,1,-1,-1,-1
704,75,486,535,334,253,1,-1,-1,-1
704,76,846,302,169,166,1,-1,-1,-1
704,77,898,216,127,119,1,-1,-1,-1
704,79,874,163,88,79,1,-1,-1,-1
704,80,818,142,83,63,1,-1,-1,-1
705,75,463,541,351,266,1,-1,-1,-1
705,76,836,308,175,170,1,-1,-1,-1
705,77,896,219,130,121,1,-1,-1,-1
705,79,875,163,88,79,1,-1,-1,-1
705,80,818,142,83,63,1,-1,-1,-1
706,75,428,563,367,292,1,-1,-1,-1
706,76,826,315,181,174,1,-1,-1,-1
706,77,895,222,133,124,1,-1,-1,-1
706,79,877,164,86,78,1,-1,-1,-1
706,80,818,142,83,63,1,-1,-1,-1
707,75,382,588,382,292,1,-1,-1,-1
707,76,816,321,187,178,1,-1,-1,-1
707,77,893,226,135,126,1,-1,-1,-1
707,79,878,164,97,78,1,-1,-1,-1
707,80,818,142,83,63,1,-1,-1,-1
708,75,349,622,395,308,1,-1,-1,-1
708,76,806,328,193,182,1,-1,-1,-1
708,77,891,229,138,129,1,-1,-1,-1
708,79,877,164,99,78,1,-1,-1,-1
708,80,818,142,83,63,1,-1,-1,-1
709,75,293,621,448,363,1,-1,-1,-1
709,76,797,334,200,185,1,-1,-1,-1
709,77,889,232,141,131,1,-1,-1,-1
709,79,878,164,97,78,1,-1,-1,-1
709,80,818,142,83,63,1,-1,-1,-1
710,75,239,644,483,384,1,-1,-1,-1
710,76,787,341,206,189,1,-1,-1,-1
710,77,888,235,144,134,1,-1,-1,-1
710,79,880,166,98,78,1,-1,-1,-1
710,80,818,142,83,63,1,-1,-1,-1
711,75,157,682,517,385,1,-1,-1,-1
711,76,777,347,212,193,1,-1,-1,-1
711,77,886,238,147,136,1,-1,-1,-1
711,79,882,168,98,77,1,-1,-1,-1
711,80,819,143,83,63,1,-1,-1,-1
712,75,122,739,496,341,1,-1,-1,-1
712,76,767,354,218,197,1,-1,-1,-1
712,77,884,241,150,139,1,-1,-1,-1
712,79,884,170,99,77,1,-1,-1,-1
712,80,821,143,82,63,1,-1,-1,-1
713,76,757,360,224,201,1,-1,-1,-1
713,77,882,245,152,141,1,-1,-1,-1
713,79,885,172,99,76,1,-1,-1,-1
713,80,822,144,82,63,1,-1,-1,-1
714,76,740,370,236,208,1,-1,-1,-1
714,77,881,248,155,144,1,-1,-1,-1
714,79,887,174,100,76,1,-1,-1,-1
714,80,824,145,82,64,1,-1,-1,-1
715,76,723,379,248,215,1,-1,-1,-1
715,77,879,251,158,146,1,-1,-1,-1
715,79,889,176,101,76,1,-1,-1,-1
715,80,825,145,81,64,1,-1,-1,-1
716,76,705,389,260,221,1,-1,-1,-1
716,77,875,256,160,151,1,-1,-1,-1
716,79,891,177,101,75,1,-1,-1,-1
716,80,826,146,81,64,1,-1,-1,-1
717,76,688,398,272,228,1,-1,-1,-1
717,77,871,261,163,156,1,-1,-1,-1
717,79,893,179,102,75,1,-1,-1,-1
717,80,828,146,80,64,1,-1,-1,-1
718,76,658,408,293,237,1,-1,-1,-1
718,77,866,266,165,160,1,-1,-1,-1
718,79,895,181,103,75,1,-1,-1,-1
718,80,829,147,80,64,1,-1,-1,-1
719,76,641,407,304,250,1,-1,-1,-1
719,77,862,270,167,165,1,-1,-1,-1
719,79,896,183,103,74,1,-1,-1,-1
719,80,830,148,80,64,1,-1,-1,-1
720,76,614,421,317,266,1,-1,-1,-1
720,77,858,275,170,170,1,-1,-1,-1
720,79,898,185,104,74,1,-1,-1,-1
720,80,832,148,79,64,1,-1,-1,-1
721,76,594,428,325,277,1,-1,-1,-1
721,77,854,280,172,175,1,-1,-1,-1
721,79,900,187,104,73,1,-1,-1,-1
721,80,833,149,79,64,1,-1,-1,-1
722,76,558,447,344,286,1,-1,-1,-1
722,77,850,285,175,180,1,-1,-1,-1
722,79,902,189,105,73,1,-1,-1,-1
722,80,835,150,79,65,1,-1,-1,-1
723,76,541,450,356,299,1,-1,-1,-1
723,77,845,290,177,184,1,-1,-1,-1
723,79,904,188,102,76,1,-1,-1,-1
723,80,836,150,78,65,1,-1,-1,-1
724,76,505,467,373,327,1,-1,-1,-1
724,77,841,295,179,189,1,-1,-1,-1
724,79,910,190,91,74,1,-1,-1,-1
724,80,837,151,78,65,1,-1,-1,-1
725,76,460,491,381,327,1,-1,-1,-1
725,77,837,300,182,194,1,-1,-1,-1
725,79,907,193,112,78,1,-1,-1,-1
725,80,839,151,77,65,1,-1,-1,-1
726,76,425,482,425,375,1,-1,-1,-1
726,77,833,304,184,199,1,-1,-1,-1
726,79,908,195,116,79,1,-1,-1,-1
726,80,840,152,77,65,1,-1,-1,-1
727,76,393,505,433,387,1,-1,-1,-1
727,77,828,309,186,203,1,-1,-1,-1
727,79,910,197,114,78,1,-1,-1,-1
727,80,840,152,78,66,1,-1,-1,-1
728,76,345,545,435,377,1,-1,-1,-1
728,77,824,314,189,208,1,-1,-1,-1
728,79,913,200,114,77,1,-1,-1,-1
728,80,841,153,78,66,1,-1,-1,-1
729,76,288,584,476,403,1,-1,-1,-1
729,77,820,319,191,213,1,-1,-1,-1
729,79,916,200,112,78,1,-1,-1,-1
729,80,842,154,78,66,1,-1,-1,-1
730,76,230,599,510,432,1,-1,-1,-1
730,77,795,329,217,215,1,-1,-1,-1
730,79,918,202,113,77,1,-1,-1,-1
730,80,844,155,84,67,1,-1,-1,-1
731,76,140,636,550,444,1,-1,-1,-1
731,77,787,337,218,215,1,-1,-1,-1
731,79,924,202,108,78,1,-1,-1,-1
731,80,846,155,89,68,1,-1,-1,-1
732,76,94,666,553,414,1,-1,-1,-1
732,77,762,346,237,217,1,-1,-1,-1
732,79,926,205,111,79,1,-1,-1,-1
732,80,844,156,94,70,1,-1,-1,-1
733,77,753,349,246,221,1,-1,-1,-1
733,79,927,208,113,80,1,-1,-1,-1
733,80,846,156,94,72,1,-1,-1,-1
734,77,743,361,250,239,1,-1,-1,-1
734,79,926,210,121,79,1,-1,-1,-1
734,80,848,159,92,70,1,-1,-1,-1
735,77,725,367,265,250,1,-1,-1,-1
735,79,930,213,118,78,1,-1,-1,-1
735,80,851,160,90,72,1,-1,-1,-1
736,77,704,374,282,259,1,-1,-1,-1
736,79,932,217,118,77,1,-1,-1,-1
736,80,853,161,89,72,1,-1,-1,-1
737,77,680,379,301,272,1,-1,-1,-1
737,79,937,218,111,78,1,-1,-1,-1
737,80,855,162,90,73,1,-1,-1,-1
738,77,663,385,319,276,1,-1,-1,-1
738,79,939,221,108,78,1,-1,-1,-1
738,80,858,163,88,73,1,-1,-1,-1
739,77,636,418,318,271,1,-1,-1,-1
739,79,941,221,105,81,1,-1,-1,-1
739,80,861,164,89,74,1,-1,-1,-1
740,77,610,422,336,290,1,-1,-1,-1
740,79,940,223,107,81,1,-1,-1,-1
740,80,864,165,88,72,1,-1,-1,-1
741,77,585,431,349,307,1,-1,-1,-1
741,79,944,228,112,81,1,-1,-1,-1
741,80,866,166,89,72,1,-1,-1,-1
742,77,549,445,361,315,1,-1,-1,-1
742,79,938,228,111,84,1,-1,-1,-1
742,80,868,166,89,73,1,-1,-1,-1
743,77,516,466,385,333,1,-1,-1,-1
743,79,935,230,117,88,1,-1,-1,-1
743,80,870,165,89,76,1,-1,-1,-1
744,77,476,479,432,348,1,-1,-1,-1
744,79,937,234,112,86,1,-1,-1,-1
744,80,871,168,91,77,1,-1,-1,-1
745,77,442,497,429,375,1,-1,-1,-1
745,79,938,237,107,84,1,-1,-1,-1
745,80,872,171,94,77,1,-1,-1,-1
746,77,400,519,442,392,1,-1,-1,-1
746,79,932,239,110,91,1,-1,-1,-1
746,80,873,174,96,78,1,-1,-1,-1
747,77,338,540,463,399,1,-1,-1,-1
747,79,927,239,114,95,1,-1,-1,-1
747,80,874,176,98,78,1,-1,-1,-1
748,77,290,570,494,462,1,-1,-1,-1
748,79,921,242,118,98,1,-1,-1,-1
748,80,874,178,100,78,1,-1,-1,-1
749,77,222,602,541,464,1,-1,-1,-1
749,79,916,246,121,98,1,-1,-1,-1
749,80,875,180,102,78,1,-1,-1,-1
750,77,115,647,593,433,1,-1,-1,-1
750,79,911,248,122,100,1,-1,-1,-1
750,80,876,182,104,78,1,-1,-1,-1
751,77,52,681,619,399,1,-1,-1,-1
751,79,906,254,120,95,1,-1,-1,-1
751,80,877,184,106,78,1,-1,-1,-1
752,79,893,258,126,97,1,-1,-1,-1
752,80,877,186,108,78,1,-1,-1,-1
753,79,879,261,132,98,1,-1,-1,-1
753,80,878,188,110,78,1,-1,-1,-1
754,79,866,265,139,100,1,-1,-1,-1
754,80,880,190,109,79,1,-1,-1,-1
755,79,853,268,145,102,1,-1,-1,-1
755,80,882,192,107,79,1,-1,-1,-1
755,82,817,138,75,60,1,-1,-1,-1
756,79,839,272,151,103,1,-1,-1,-1
756,80,885,194,106,80,1,-1,-1,-1
756,82,819,139,76,61,1,-1,-1,-1
757,79,826,275,157,105,1,-1,-1,-1
757,80,887,196,104,80,1,-1,-1,-1
757,82,821,141,77,61,1,-1,-1,-1
758,79,809,276,175,107,1,-1,-1,-1
758,80,889,198,103,81,1,-1,-1,-1
758,82,823,142,78,62,1,-1,-1,-1
759,79,781,278,182,112,1,-1,-1,-1
759,80,890,201,104,82,1,-1,-1,-1
759,82,825,143,79,62,1,-1,-1,-1
760,79,765,281,191,112,1,-1,-1,-1
760,80,891,204,104,84,1,-1,-1,-1
760,82,827,145,80,63,1,-1,-1,-1
761,79,729,290,209,111,1,-1,-1,-1
761,80,892,207,105,85,1,-1,-1,-1
761,82,828,146,81,63,1,-1,-1,-1
762,79,698,295,217,113,1,-1,-1,-1
762,80,893,209,105,86,1,-1,-1,-1
762,82,830,147,82,64,1,-1,-1,-1
763,79,667,300,224,114,1,-1,-1,-1
763,80,894,212,106,87,1,-1,-1,-1
763,82,832,148,83,64,1,-1,-1,-1
764,79,635,304,232,116,1,-1,-1,-1
764,80,895,215,106,89,1,-1,-1,-1
764,82,834,150,84,65,1,-1,-1,-1
765,79,604,309,239,117,1,-1,-1,-1
765,80,896,218,107,90,1,-1,-1,-1
765,82,836,151,85,65,1,-1,-1,-1
766,79,564,313,247,118,1,-1,-1,-1
766,80,895,220,108,92,1,-1,-1,-1
766,82,838,154,87,66,1,-1,-1,-1
767,79,523,318,255,120,1,-1,-1,-1
767,80,895,222,109,94,1,-1,-1,-1
767,82,840,157,88,66,1,-1,-1,-1
768,79,483,322,262,121,1,-1,-1,-1
768,80,894,225,109,96,1,-1,-1,-1
768,82,841,159,90,67,1,-1,-1,-1
769,79,442,326,270,122,1,-1,-1,-1
769,80,894,227,110,98,1,-1,-1,-1
769,82,843,162,91,67,1,-1,-1,-1
770,79,387,329,283,123,1,-1,-1,-1
770,80,893,229,111,100,1,-1,-1,-1
770,82,844,164,91,66,1,-1,-1,-1
771,79,331,333,296,123,1,-1,-1,-1
771,80,892,233,110,101,1,-1,-1,-1
771,82,847,164,89,69,1,-1,-1,-1
772,79,276,336,309,124,1,-1,-1,-1
772,80,889,235,112,105,1,-1,-1,-1
772,82,850,165,89,69,1,-1,-1,-1
773,79,221,339,321,124,1,-1,-1,-1
773,80,887,240,113,103,1,-1,-1,-1
773,82,852,167,88,67,1,-1,-1,-1
774,79,166,342,333,124,1,-1,-1,-1
774,80,885,246,114,101,1,-1,-1,-1
774,82,854,168,88,67,1,-1,-1,-1
775,79,110,345,345,123,1,-1,-1,-1
775,80,884,252,116,100,1,-1,-1,-1
775,82,856,171,90,68,1,-1,-1,-1
776,79,55,348,357,123,1,-1,-1,-1
776,80,883,255,116,103,1,-1,-1,-1
776,82,858,174,93,69,1,-1,-1,-1
777,79,0,351,369,123,1,-1,-1,-1
777,80,882,258,116,107,1,-1,-1,-1
777,82,859,176,95,69,1,-1,-1,-1
778,79,0,353,259,124,1,-1,-1,-1
778,80,879,259,116,108,1,-1,-1,-1
778,82,861,179,97,70,1,-1,-1,-1
779,80,874,269,120,110,1,-1,-1,-1
779,82,860,181,102,72,1,-1,-1,-1
779,83,812,144,78,55,1,-1,-1,-1
780,80,869,271,123,112,1,-1,-1,-1
780,82,861,182,103,75,1,-1,-1,-1
780,83,814,145,79,56,1,-1,-1,-1
781,80,870,274,120,119,1,-1,-1,-1
781,82,862,184,103,76,1,-1,-1,-1
781,83,817,147,79,57,1,-1,-1,-1
782,80,865,280,127,119,1,-1,-1,-1
782,82,865,185,100,78,1,-1,-1,-1
782,83,819,148,80,58,1,-1,-1,-1
783,80,861,285,132,120,1,-1,-1,-1
783,82,866,188,100,80,1,-1,-1,-1
783,83,822,149,81,59,1,-1,-1,-1
784,80,851,290,140,119,1,-1,-1,-1
784,82,868,190,100,84,1,-1,-1,-1
784,83,824,151,82,60,1,-1,-1,-1
785,80,847,299,145,123,1,-1,-1,-1
785,82,868,193,100,86,1,-1,-1,-1
785,83,826,152,82,60,1,-1,-1,-1
786,80,842,307,149,127,1,-1,-1,-1
786,82,870,195,99,86,1,-1,-1,-1
786,83,829,153,83,61,1,-1,-1,-1
787,80,836,311,154,132,1,-1,-1,-1
787,82,871,198,98,83,1,-1,-1,-1
787,83,831,154,84,62,1,-1,-1,-1
788,80,831,317,154,131,1,-1,-1,-1
788,82,869,204,113,86,1,-1,-1,-1
788,83,834,156,84,63,1,-1,-1,-1
789,80,822,324,160,140,1,-1,-1,-1
789,82,866,206,120,87,1,-1,-1,-1
789,83,836,157,85,64,1,-1,-1,-1
790,80,812,331,166,149,1,-1,-1,-1
790,82,866,210,121,87,1,-1,-1,-1
790,83,839,161,87,64,1,-1,-1,-1
791,80,795,341,172,147,1,-1,-1,-1
791,82,868,213,119,86,1,-1,-1,-1
791,83,841,164,88,63,1,-1,-1,-1
792,80,788,351,175,154,1,-1,-1,-1
792,82,869,215,118,88,1,-1,-1,-1
792,83,844,168,90,63,1,-1,-1,-1
793,80,781,361,177,161,1,-1,-1,-1
793,82,869,218,119,88,1,-1,-1,-1
793,83,846,169,90,63,1,-1,-1,-1
794,80,773,367,180,165,1,-1,-1,-1
794,82,870,222,117,88,1,-1,-1,-1
794,83,847,170,92,65,1,-1,-1,-1
795,80,760,380,184,169,1,-1,-1,-1
795,82,871,227,115,88,1,-1,-1,-1
795,83,849,172,91,65,1,-1,-1,-1
796,80,746,393,187,173,1,-1,-1,-1
796,82,871,231,112,88,1,-1,-1,-1
796,83,852,174,90,66,1,-1,-1,-1
797,80,717,390,229,207,1,-1,-1,-1
797,82,872,235,110,88,1,-1,-1,-1
797,83,855,176,89,67,1,-1,-1,-1
798,80,703,400,234,211,1,-1,-1,-1
798,82,870,239,111,90,1,-1,-1,-1
798,83,858,177,88,69,1,-1,-1,-1
799,80,678,422,243,204,1,-1,-1,-1
799,82,869,242,113,92,1,-1,-1,-1
799,83,861,179,87,70,1,-1,-1,-1
800,80,655,439,257,210,1,-1,-1,-1
800,82,867,246,114,95,1,-1,-1,-1
800,83,864,181,86,71,1,-1,-1,-1
801,80,631,455,270,216,1,-1,-1,-1
801,82,865,249,115,97,1,-1,-1,-1
801,83,867,184,87,72,1,-1,-1,-1
802,80,608,466,287,230,1,-1,-1,-1
802,82,864,253,117,99,1,-1,-1,-1
802,83,870,188,87,73,1,-1,-1,-1
803,80,568,475,304,250,1,-1,-1,-1
803,82,862,256,118,101,1,-1,-1,-1
803,83,872,191,88,73,1,-1,-1,-1
804,80,532,494,327,274,1,-1,-1,-1
804,82,856,261,123,103,1,-1,-1,-1
804,83,875,194,88,74,1,-1,-1,-1
805,80,515,507,327,282,1,-1,-1,-1
805,82,855,268,122,108,1,-1,-1,-1
805,83,876,196,87,75,1,-1,-1,-1
806,80,449,548,362,301,1,-1,-1,-1
806,82,852,270,124,110,1,-1,-1,-1
806,83,875,197,102,79,1,-1,-1,-1
807,80,398,572,385,326,1,-1,-1,-1
807,82,847,275,127,112,1,-1,-1,-1
807,83,875,198,103,81,1,-1,-1,-1
808,80,348,596,408,351,1,-1,-1,-1
808,82,842,282,132,111,1,-1,-1,-1
808,83,875,198,106,84,1,-1,-1,-1
809,80,297,620,431,376,1,-1,-1,-1
809,82,837,287,135,113,1,-1,-1,-1
809,83,877,205,102,85,1,-1,-1,-1
810,80,228,660,447,399,1,-1,-1,-1
810,82,833,292,139,116,1,-1,-1,-1
810,83,875,207,111,86,1,-1,-1,-1
811,80,134,707,502,373,1,-1,-1,-1
811,82,826,302,140,119,1,-1,-1,-1
811,83,875,209,113,87,1,-1,-1,-1
812,82,819,304,145,122,1,-1,-1,-1
812,83,878,212,113,87,1,-1,-1,-1
813,82,806,311,153,123,1,-1,-1,-1
813,83,881,215,109,88,1,-1,-1,-1
814,82,800,317,158,124,1,-1,-1,-1
814,83,884,219,105,87,1,-1,-1,-1
815,82,794,325,162,121,1,-1,-1,-1
815,83,885,224,103,85,1,-1,-1,-1
816,82,780,335,169,133,1,-1,-1,-1
816,83,884,228,105,84,1,-1,-1,-1
817,82,774,341,169,138,1,-1,-1,-1
817,83,884,230,106,89,1,-1,-1,-1
818,82,757,351,174,138,1,-1,-1,-1
818,83,884,232,105,91,1,-1,-1,-1
819,82,748,358,180,146,1,-1,-1,-1
819,83,885,233,102,92,1,-1,-1,-1
820,82,738,364,185,153,1,-1,-1,-1
820,83,881,234,107,101,1,-1,-1,-1
821,82,730,373,186,154,1,-1,-1,-1
821,83,878,237,110,101,1,-1,-1,-1
822,82,712,384,197,160,1,-1,-1,-1
822,83,874,241,113,100,1,-1,-1,-1
823,82,694,395,207,166,1,-1,-1,-1
823,83,870,244,117,100,1,-1,-1,-1
824,82,668,395,240,186,1,-1,-1,-1
824,83,867,249,120,99,1,-1,-1,-1
825,82,653,403,243,194,1,-1,-1,-1
825,83,859,247,116,106,1,-1,-1,-1
826,82,638,413,242,200,1,-1,-1,-1
826,83,851,254,124,105,1,-1,-1,-1
826,85,815,133,95,65,1,-1,-1,-1
827,82,604,430,254,196,1,-1,-1,-1
827,83,840,259,131,103,1,-1,-1,-1
827,85,820,132,95,68,1,-1,-1,-1
828,82,593,453,259,196,1,-1,-1,-1
828,83,828,261,138,106,1,-1,-1,-1
828,85,825,131,97,72,1,-1,-1,-1
829,82,571,462,270,205,1,-1,-1,-1
829,83,813,266,153,108,1,-1,-1,-1
829,85,834,140,89,68,1,-1,-1,-1
830,82,545,476,282,212,1,-1,-1,-1
830,83,792,268,158,113,1,-1,-1,-1
830,85,837,140,91,72,1,-1,-1,-1
831,82,495,487,316,227,1,-1,-1,-1
831,83,777,271,166,112,1,-1,-1,-1
831,85,840,141,88,73,1,-1,-1,-1
832,82,470,506,327,242,1,-1,-1,-1
832,83,752,275,174,114,1,-1,-1,-1
832,85,836,143,109,73,1,-1,-1,-1
833,82,444,516,336,260,1,-1,-1,-1
833,83,737,275,185,117,1,-1,-1,-1
833,85,841,146,105,73,1,-1,-1,-1
834,82,394,534,362,273,1,-1,-1,-1
834,83,698,281,207,114,1,-1,-1,-1
834,85,845,149,102,73,1,-1,-1,-1
835,82,367,563,367,286,1,-1,-1,-1
835,83,682,286,218,113,1,-1,-1,-1
835,85,850,151,100,74,1,-1,-1,-1
836,82,317,587,388,310,1,-1,-1,-1
836,83,647,294,228,111,1,-1,-1,-1
836,85,852,153,101,75,1,-1,-1,-1
837,82,266,610,409,334,1,-1,-1,-1
837,83,619,299,242,113,1,-1,-1,-1
837,85,856,156,99,77,1,-1,-1,-1
838,82,216,634,430,358,1,-1,-1,-1
838,83,590,304,255,114,1,-1,-1,-1
838,85,858,157,99,79,1,-1,-1,-1
839,82,165,657,451,382,1,-1,-1,-1
839,83,560,306,246,117,1,-1,-1,-1
839,85,860,157,100,84,1,-1,-1,-1
840,82,105,689,483,384,1,-1,-1,-1
840,83,521,309,257,119,1,-1,-1,-1
840,85,863,156,102,90,1,-1,-1,-1
841,82,42,747,498,333,1,-1,-1,-1
841,83,477,314,272,117,1,-1,-1,-1
841,85,871,158,97,88,1,-1,-1,-1
842,83,436,320,279,119,1,-1,-1,-1
842,85,872,158,98,92,1,-1,-1,-1
843,83,390,319,325,132,1,-1,-1,-1
843,85,875,164,94,95,1,-1,-1,-1
844,83,379,328,306,114,1,-1,-1,-1
844,85,873,164,105,102,1,-1,-1,-1
845,83,322,331,333,115,1,-1,-1,-1
845,85,873,168,106,101,1,-1,-1,-1
846,83,265,334,359,117,1,-1,-1,-1
846,85,874,174,107,98,1,-1,-1,-1
847,83,208,337,386,118,1,-1,-1,-1
847,85,875,179,108,96,1,-1,-1,-1
848,83,144,338,386,119,1,-1,-1,-1
848,85,876,184,110,95,1,-1,-1,-1
849,83,105,341,386,118,1,-1,-1,-1
849,85,878,188,110,96,1,-1,-1,-1
850,83,65,343,385,117,1,-1,-1,-1
850,85,880,191,111,97,1,-1,-1,-1
851,83,0,345,398,119,1,-1,-1,-1
851,85,882,192,109,99,1,-1,-1,-1
852,83,0,345,366,122,1,-1,-1,-1
852,85,883,200,110,100,1,-1,-1,-1
853,83,0,341,258,127,1,-1,-1,-1
853,85,883,204,112,100,1,-1,-1,-1
853,87,814,136,91,62,1,-1,-1,-1
854,85,882,207,114,101,1,-1,-1,-1
854,87,819,136,89,66,1,-1,-1,-1
855,85,880,210,117,106,1,-1,-1,-1
855,87,824,136,87,69,1,-1,-1,-1
856,85,880,215,117,106,1,-1,-1,-1
856,87,829,136,84,73,1,-1,-1,-1
857,85,881,221,116,106,1,-1,-1,-1
857,87,834,136,82,76,1,-1,-1,-1
858,85,882,224,114,105,1,-1,-1,-1
858,87,839,136,80,80,1,-1,-1,-1
859,85,882,230,114,116,1,-1,-1,-1
859,87,841,140,84,80,1,-1,-1,-1
860,85,880,233,117,118,1,-1,-1,-1
860,87,842,145,89,79,1,-1,-1,-1
861,85,875,234,124,124,1,-1,-1,-1
861,87,844,149,93,79,1,-1,-1,-1
862,85,872,241,125,127,1,-1,-1,-1
862,87,845,153,97,78,1,-1,-1,-1
863,85,870,246,125,125,1,-1,-1,-1
863,87,847,155,98,78,1,-1,-1,-1
864,85,867,261,125,125,1,-1,-1,-1
864,87,852,157,95,78,1,-1,-1,-1
865,85,860,264,134,128,1,-1,-1,-1
865,87,856,158,92,79,1,-1,-1,-1
866,85,852,267,146,134,1,-1,-1,-1
866,87,861,160,89,79,1,-1,-1,-1
867,85,842,274,155,136,1,-1,-1,-1
867,87,864,162,91,84,1,-1,-1,-1
868,85,839,278,156,133,1,-1,-1,-1
868,87,866,164,94,88,1,-1,-1,-1
869,85,830,295,165,139,1,-1,-1,-1
869,87,869,166,96,93,1,-1,-1,-1
870,85,820,293,174,155,1,-1,-1,-1
870,87,871,168,98,97,1,-1,-1,-1
871,85,812,299,178,161,1,-1,-1,-1
871,87,876,163,90,101,1,-1,-1,-1
872,85,803,317,177,164,1,-1,-1,-1
872,87,876,167,96,101,1,-1,-1,-1
873,85,788,317,186,177,1,-1,-1,-1
873,87,875,171,101,101,1,-1,-1,-1
874,85,776,324,197,176,1,-1,-1,-1
874,87,876,177,102,99,1,-1,-1,-1
875,85,751,329,228,198,1,-1,-1,-1
875,87,878,181,103,96,1,-1,-1,-1
876,85,735,339,238,209,1,-1,-1,-1
876,87,880,186,105,96,1,-1,-1,-1
877,85,721,346,244,216,1,-1,-1,-1
877,87,883,189,106,97,1,-1,-1,-1
878,85,704,374,252,209,1,-1,-1,-1
878,87,885,189,105,102,1,-1,-1,-1
879,85,688,379,263,221,1,-1,-1,-1
879,87,887,191,106,102,1,-1,-1,-1
880,85,655,396,285,229,1,-1,-1,-1
880,87,887,192,106,111,1,-1,-1,-1
881,85,628,403,303,241,1,-1,-1,-1
881,87,887,193,107,112,1,-1,-1,-1
882,85,592,425,332,256,1,-1,-1,-1
882,87,887,196,106,111,1,-1,-1,-1
883,85,547,442,349,267,1,-1,-1,-1
883,87,887,199,107,112,1,-1,-1,-1
884,85,520,453,363,282,1,-1,-1,-1
884,87,886,203,109,113,1,-1,-1,-1
885,85,494,479,372,301,1,-1,-1,-1
885,87,885,207,110,113,1,-1,-1,-1
886,85,419,495,439,334,1,-1,-1,-1
886,87,884,211,111,113,1,-1,-1,-1
887,85,380,521,462,350,1,-1,-1,-1
887,87,884,214,112,114,1,-1,-1,-1
888,85,317,560,461,353,1,-1,-1,-1
888,87,882,215,113,116,1,-1,-1,-1
889,85,237,600,519,408,1,-1,-1,-1
889,87,881,217,116,118,1,-1,-1,-1
890,85,113,641,582,420,1,-1,-1,-1
890,87,877,220,119,118,1,-1,-1,-1
891,85,32,670,615,410,1,-1,-1,-1
891,87,873,222,118,124,1,-1,-1,-1
892,87,867,225,122,122,1,-1,-1,-1
893,87,864,225,125,124,1,-1,-1,-1
894,87,867,223,119,133,1,-1,-1,-1
895,87,856,227,127,135,1,-1,-1,-1
896,87,853,229,130,138,1,-1,-1,-1
897,87,849,232,134,138,1,-1,-1,-1
898,87,844,233,135,138,1,-1,-1,-1
899,87,838,235,138,140,1,-1,-1,-1
900,87,831,237,140,140,1,-1,-1,-1
901,84,814,129,85,62,1,-1,-1,-1
901,87,824,240,144,140,1,-1,-1,-1
902,84,818,130,85,64,1,-1,-1,-1
902,87,818,243,147,136,1,-1,-1,-1
903,84,823,130,83,65,1,-1,-1,-1
903,87,808,247,147,134,1,-1,-1,-1
904,84,829,131,83,65,1,-1,-1,-1
904,87,805,248,150,134,1,-1,-1,-1
905,84,833,130,84,66,1,-1,-1,-1
905,87,796,252,161,134,1,-1,-1,-1
906,84,837,131,84,68,1,-1,-1,-1
906,87,787,255,171,134,1,-1,-1,-1
907,84,840,130,85,72,1,-1,-1,-1
907,87,780,256,174,136,1,-1,-1,-1
908,84,841,133,90,75,1,-1,-1,-1
908,87,775,257,175,135,1,-1,-1,-1
909,84,842,135,95,77,1,-1,-1,-1
909,87,771,259,174,134,1,-1,-1,-1
910,84,844,134,95,80,1,-1,-1,-1
910,87,768,258,174,136,1,-1,-1,-1
911,84,847,138,95,77,1,-1,-1,-1
911,87,766,257,175,140,1,-1,-1,-1
912,84,850,142,96,74,1,-1,-1,-1
912,87,756,254,175,145,1,-1,-1,-1
913,84,853,144,96,75,1,-1,-1,-1
913,87,752,256,180,144,1,-1,-1,-1
914,84,856,145,95,76,1,-1,-1,-1
914,87,748,257,185,143,1,-1,-1,-1
915,84,859,147,95,76,1,-1,-1,-1
915,87,745,257,187,143,1,-1,-1,-1
916,84,862,149,94,77,1,-1,-1,-1
916,87,741,259,188,141,1,-1,-1,-1
917,84,865,150,94,78,1,-1,-1,-1
917,87,740,261,188,139,1,-1,-1,-1
918,84,868,152,93,79,1,-1,-1,-1
918,87,741,262,187,139,1,-1,-1,-1
919,84,871,154,93,80,1,-1,-1,-1
919,87,740,260,187,143,1,-1,-1,-1
920,84,873,155,92,80,1,-1,-1,-1
920,87,737,258,188,145,1,-1,-1,-1
921,84,876,157,92,81,1,-1,-1,-1
921,87,736,258,190,145,1,-1,-1,-1
922,84,879,158,91,82,1,-1,-1,-1
922,87,735,259,191,146,1,-1,-1,-1
923,84,882,160,91,83,1,-1,-1,-1
923,87,735,258,190,146,1,-1,-1,-1
924,84,885,162,90,83,1,-1,-1,-1
924,87,736,258,190,146,1,-1,-1,-1
925,84,888,163,90,84,1,-1,-1,-1
925,87,737,258,190,145,1,-1,-1,-1
926,84,891,165,89,85,1,-1,-1,-1
926,87,737,259,189,144,1,-1,-1,-1
927,84,892,167,90,86,1,-1,-1,-1
927,87,737,259,189,144,1,-1,-1,-1
928,84,893,169,91,87,1,-1,-1,-1
928,87,737,259,189,144,1,-1,-1,-1
929,3,815,122,87,64,1,-1,-1,-1
929,84,894,171,92,88,1,-1,-1,-1
929,87,736,259,189,144,1,-1,-1,-1
930,3,818,121,87,66,1,-1,-1,-1
930,84,895,173,93,89,1,-1,-1,-1
930,87,735,259,189,144,1,-1,-1,-1
931,3,822,123,86,66,1,-1,-1,-1
931,84,896,175,94,90,1,-1,-1,-1
931,87,735,259,189,144,1,-1,-1,-1
932,3,828,124,84,66,1,-1,-1,-1
932,84,897,178,95,91,1,-1,-1,-1
932,87,734,259,190,144,1,-1,-1,-1
933,3,833,124,81,67,1,-1,-1,-1
933,84,897,180,96,92,1,-1,-1,-1
933,87,733,260,191,144,1,-1,-1,-1
934,3,835,124,83,70,1,-1,-1,-1
934,84,898,182,97,93,1,-1,-1,-1
934,87,732,261,191,143,1,-1,-1,-1
935,3,837,123,84,73,1,-1,-1,-1
935,84,899,184,98,94,1,-1,-1,-1
935,87,731,261,191,142,1,-1,-1,-1
936,3,838,122,86,76,1,-1,-1,-1
936,84,900,186,99,95,1,-1,-1,-1
936,87,730,261,193,142,1,-1,-1,-1
937,3,840,122,85,75,1,-1,-1,-1
937,84,901,188,100,96,1,-1,-1,-1
937,87,728,261,194,143,1,-1,-1,-1
938,3,842,128,97,74,1,-1,-1,-1
938,84,902,190,101,97,1,-1,-1,-1
938,87,725,260,195,145,1,-1,-1,-1
939,3,839,128,100,76,1,-1,-1,-1
939,84,902,192,102,98,1,-1,-1,-1
939,87,723,262,196,144,1,-1,-1,-1
940,3,839,128,102,77,1,-1,-1,-1
940,84,903,194,103,99,1,-1,-1,-1
940,87,720,262,197,145,1,-1,-1,-1
941,3,844,129,99,76,1,-1,-1,-1
941,84,903,195,104,99,1,-1,-1,-1
941,87,718,263,198,146,1,-1,-1,-1
942,3,848,130,95,74,1,-1,-1,-1
942,84,904,197,105,100,1,-1,-1,-1
942,87,705,267,209,147,1,-1,-1,-1
943,3,855,134,91,78,1,-1,-1,-1
943,84,904,199,106,101,1,-1,-1,-1
943,87,702,268,211,149,1,-1,-1,-1
944,3,856,135,92,78,1,-1,-1,-1
944,84,905,201,107,102,1,-1,-1,-1
944,87,699,267,215,150,1,-1,-1,-1
945,3,858,136,94,79,1,-1,-1,-1
945,84,905,203,108,103,1,-1,-1,-1
945,87,694,269,218,149,1,-1,-1,-1
946,3,859,137,95,79,1,-1,-1,-1
946,84,905,204,108,103,1,-1,-1,-1
946,87,687,271,223,147,1,-1,-1,-1
947,3,861,137,96,80,1,-1,-1,-1
947,84,906,206,109,104,1,-1,-1,-1
947,87,677,272,230,147,1,-1,-1,-1
948,3,862,138,97,80,1,-1,-1,-1
948,84,906,208,110,105,1,-1,-1,-1
948,87,666,273,237,150,1,-1,-1,-1
949,3,864,139,99,81,1,-1,-1,-1
949,84,907,210,111,106,1,-1,-1,-1
949,87,655,274,240,150,1,-1,-1,-1
950,3,865,140,100,81,1,-1,-1,-1
950,84,907,211,112,106,1,-1,-1,-1
950,87,644,275,242,149,1,-1,-1,-1
951,3,867,140,101,83,1,-1,-1,-1
951,84,908,213,113,107,1,-1,-1,-1
951,87,633,276,245,149,1,-1,-1,-1
951,89,0,448,465,243,1,-1,-1,-1
952,3,869,141,100,85,1,-1,-1,-1
952,84,908,215,114,108,1,-1,-1,-1
952,87,613,278,260,150,1,-1,-1,-1
952,89,0,443,559,248,1,-1,-1,-1
953,3,872,143,97,84,1,-1,-1,-1
953,84,908,216,114,109,1,-1,-1,-1
953,87,594,281,274,152,1,-1,-1,-1
953,89,7,440,569,246,1,-1,-1,-1
954,3,874,144,97,85,1,-1,-1,-1
954,84,908,217,115,111,1,-1,-1,-1
954,87,574,283,289,153,1,-1,-1,-1
954,89,62,427,593,284,1,-1,-1,-1
955,3,875,145,98,86,1,-1,-1,-1
955,84,908,219,115,112,1,-1,-1,-1
955,87,554,285,303,154,1,-1,-1,-1
955,89,115,438,583,240,1,-1,-1,-1
956,3,877,146,98,87,1,-1,-1,-1
956,84,908,220,116,113,1,-1,-1,-1
956,87,529,287,306,154,1,-1,-1,-1
956,89,168,435,579,236,1,-1,-1,-1
