1,48,0,591,267,318,1,-1,-1,-1
1,49,483,395,237,257,1,-1,-1,-1
1,50,579,280,185,165,1,-1,-1,-1
1,51,404,263,142,143,1,-1,-1,-1
2,49,471,422,250,273,1,-1,-1,-1
2,50,571,279,195,177,1,-1,-1,-1
2,51,397,263,147,151,1,-1,-1,-1
3,49,448,437,263,286,1,-1,-1,-1
3,50,561,289,200,172,1,-1,-1,-1
3,51,389,267,151,155,1,-1,-1,-1
4,49,428,458,279,306,1,-1,-1,-1
4,50,557,295,202,171,1,-1,-1,-1
4,51,380,268,155,160,1,-1,-1,-1
5,49,408,478,295,325,1,-1,-1,-1
5,50,550,302,210,205,1,-1,-1,-1
5,51,369,281,158,156,1,-1,-1,-1
6,49,388,500,312,357,1,-1,-1,-1
6,50,544,308,215,212,1,-1,-1,-1
6,51,359,285,155,160,1,-1,-1,-1
7,49,368,521,329,388,1,-1,-1,-1
7,50,532,319,228,224,1,-1,-1,-1
7,51,351,289,158,165,1,-1,-1,-1
8,49,327,516,356,438,1,-1,-1,-1
8,50,515,330,239,234,1,-1,-1,-1
8,51,340,295,164,166,1,-1,-1,-1
9,49,302,582,370,432,1,-1,-1,-1
9,50,500,336,249,243,1,-1,-1,-1
9,51,331,300,166,166,1,-1,-1,-1
10,49,276,637,384,439,1,-1,-1,-1
10,50,484,362,256,250,1,-1,-1,-1
10,51,312,312,171,177,1,-1,-1,-1
11,49,229,679,419,401,1,-1,-1,-1
11,50,469,370,271,271,1,-1,-1,-1
11,51,300,314,178,187,1,-1,-1,-1
12,50,435,387,299,275,1,-1,-1,-1
12,51,287,320,186,187,1,-1,-1,-1
13,50,429,414,297,306,1,-1,-1,-1
13,51,256,327,211,207,1,-1,-1,-1
14,50,410,426,314,323,1,-1,-1,-1
14,51,247,333,215,213,1,-1,-1,-1
15,50,377,462,342,344,1,-1,-1,-1
15,51,232,341,222,217,1,-1,-1,-1
16,50,349,465,375,388,1,-1,-1,-1
16,51,216,348,229,213,1,-1,-1,-1
17,50,318,504,405,400,1,-1,-1,-1
17,51,198,366,226,233,1,-1,-1,-1
18,50,287,495,410,481,1,-1,-1,-1
18,51,176,377,236,240,1,-1,-1,-1
19,50,253,586,437,455,1,-1,-1,-1
19,51,153,388,246,246,1,-1,-1,-1
20,50,208,631,463,449,1,-1,-1,-1
20,51,128,395,260,254,1,-1,-1,-1
21,51,104,419,268,273,1,-1,-1,-1
22,51,59,439,288,277,1,-1,-1,-1
23,51,34,454,301,281,1,-1,-1,-1
24,51,2,472,321,321,1,-1,-1,-1
25,51,0,500,278,326,1,-1,-1,-1
26,51,0,527,256,329,1,-1,-1,-1
59,56,656,116,80,66,1,-1,-1,-1
60,56,654,117,86,69,1,-1,-1,-1
61,56,653,120,85,68,1,-1,-1,-1
62,56,651,122,85,68,1,-1,-1,-1
63,56,649,124,85,68,1,-1,-1,-1
64,56,645,121,84,74,1,-1,-1,-1
65,56,642,120,84,78,1,-1,-1,-1
66,56,640,125,84,76,1,-1,-1,-1
67,56,638,127,84,76,1,-1,-1,-1
68,56,636,130,84,76,1,-1,-1,-1
69,56,634,132,84,76,1,-1,-1,-1
70,56,632,134,84,76,1,-1,-1,-1
71,56,625,136,87,78,1,-1,-1,-1
72,56,619,138,89,80,1,-1,-1,-1
73,56,612,140,91,83,1,-1,-1,-1
74,56,606,142,94,85,1,-1,-1,-1
75,56,599,144,97,87,1,-1,-1,-1
76,56,593,147,99,89,1,-1,-1,-1
77,56,585,149,101,92,1,-1,-1,-1
78,56,579,151,103,95,1,-1,-1,-1
79,56,572,153,107,97,1,-1,-1,-1
80,56,566,156,109,99,1,-1,-1,-1
81,56,559,159,112,104,1,-1,-1,-1
82,56,551,161,116,109,1,-1,-1,-1
83,56,544,164,119,114,1,-1,-1,-1
84,56,536,166,122,119,1,-1,-1,-1
85,56,521,170,129,125,1,-1,-1,-1
86,56,510,167,141,133,1,-1,-1,-1
87,56,496,173,148,138,1,-1,-1,-1
88,56,483,179,155,143,1,-1,-1,-1
89,56,469,185,162,147,1,-1,-1,-1
90,56,455,191,169,152,1,-1,-1,-1
91,56,437,198,177,161,1,-1,-1,-1
92,56,419,204,184,170,1,-1,-1,-1
93,56,401,211,192,179,1,-1,-1,-1
94,56,382,217,200,188,1,-1,-1,-1
95,56,364,224,207,197,1,-1,-1,-1
96,56,346,230,215,206,1,-1,-1,-1
97,56,300,250,243,212,1,-1,-1,-1
98,56,255,266,269,236,1,-1,-1,-1
99,56,210,281,294,259,1,-1,-1,-1
100,56,165,297,320,283,1,-1,-1,-1
101,56,120,312,345,306,1,-1,-1,-1
102,56,75,328,371,330,1,-1,-1,-1
103,56,25,353,387,360,1,-1,-1,-1
104,56,0,374,381,404,1,-1,-1,-1
105,56,0,409,357,443,1,-1,-1,-1
110,57,1549,427,371,323,1,-1,-1,-1
111,57,1503,399,413,305,1,-1,-1,-1
112,57,1453,369,414,286,1,-1,-1,-1
113,57,1410,359,372,265,1,-1,-1,-1
114,57,1381,338,353,250,1,-1,-1,-1
115,57,1352,316,334,235,1,-1,-1,-1
116,57,1334,308,325,220,1,-1,-1,-1
117,57,1301,304,299,194,1,-1,-1,-1
118,57,1291,279,271,188,1,-1,-1,-1
119,57,1254,267,268,184,1,-1,-1,-1
120,57,1242,256,255,179,1,-1,-1,-1
121,57,1245,254,204,157,1,-1,-1,-1
122,57,1229,249,187,149,1,-1,-1,-1
123,57,1214,233,186,144,1,-1,-1,-1
123,58,1693,343,227,204,1,-1,-1,-1
124,57,1187,226,182,136,1,-1,-1,-1
124,58,1634,325,282,199,1,-1,-1,-1
125,57,1182,221,178,136,1,-1,-1,-1
125,58,1578,314,314,184,1,-1,-1,-1
126,57,1159,210,171,128,1,-1,-1,-1
126,58,1529,284,277,172,1,-1,-1,-1
127,57,1152,204,169,127,1,-1,-1,-1
127,58,1503,273,258,163,1,-1,-1,-1
128,57,1148,199,162,123,1,-1,-1,-1
128,58,1477,262,239,153,1,-1,-1,-1
129,57,1129,191,158,122,1,-1,-1,-1
129,58,1452,251,221,144,1,-1,-1,-1
130,57,1122,190,152,119,1,-1,-1,-1
130,58,1426,240,202,135,1,-1,-1,-1
131,57,1118,181,143,116,1,-1,-1,-1
131,58,1400,229,183,125,1,-1,-1,-1
132,57,1103,176,143,112,1,-1,-1,-1
132,58,1374,218,164,116,1,-1,-1,-1
132,60,654,127,84,64,1,-1,-1,-1
133,57,1100,171,133,112,1,-1,-1,-1
133,58,1347,213,158,109,1,-1,-1,-1
133,60,651,128,89,67,1,-1,-1,-1
134,57,1094,167,127,113,1,-1,-1,-1
134,58,1335,206,161,108,1,-1,-1,-1
134,60,647,131,90,68,1,-1,-1,-1
135,57,1090,161,122,116,1,-1,-1,-1
135,58,1311,198,145,107,1,-1,-1,-1
135,60,643,133,92,69,1,-1,-1,-1
136,57,1075,158,125,111,1,-1,-1,-1
136,58,1286,191,140,98,1,-1,-1,-1
136,60,639,136,93,70,1,-1,-1,-1
137,57,1074,160,114,101,1,-1,-1,-1
137,58,1278,185,134,98,1,-1,-1,-1
137,60,635,138,94,72,1,-1,-1,-1
138,57,1066,158,116,94,1,-1,-1,-1
138,58,1255,177,129,99,1,-1,-1,-1
138,60,631,141,95,73,1,-1,-1,-1
139,57,1060,156,114,92,1,-1,-1,-1
139,58,1249,170,121,102,1,-1,-1,-1
139,60,627,143,97,74,1,-1,-1,-1
140,57,1056,151,112,92,1,-1,-1,-1
140,58,1234,165,130,102,1,-1,-1,-1
140,59,1628,509,292,251,1,-1,-1,-1
140,60,623,146,98,75,1,-1,-1,-1
141,57,1050,144,109,95,1,-1,-1,-1
141,58,1219,166,116,89,1,-1,-1,-1
141,59,1560,453,341,239,1,-1,-1,-1
141,60,616,149,101,78,1,-1,-1,-1
142,57,1046,142,107,94,1,-1,-1,-1
142,58,1209,160,116,85,1,-1,-1,-1
142,59,1494,427,333,212,1,-1,-1,-1
142,60,609,151,103,82,1,-1,-1,-1
143,57,1042,145,102,79,1,-1,-1,-1
143,58,1194,159,103,76,1,-1,-1,-1
143,59,1428,401,325,184,1,-1,-1,-1
143,60,602,154,106,85,1,-1,-1,-1
144,57,1034,142,106,79,1,-1,-1,-1
144,58,1182,155,114,78,1,-1,-1,-1
144,59,1400,373,301,176,1,-1,-1,-1
144,60,594,157,109,88,1,-1,-1,-1
145,57,1027,139,110,80,1,-1,-1,-1
145,58,1176,150,108,78,1,-1,-1,-1
145,59,1371,344,276,168,1,-1,-1,-1
145,60,587,160,112,91,1,-1,-1,-1
146,57,1021,136,110,79,1,-1,-1,-1
146,58,1168,146,102,77,1,-1,-1,-1
146,59,1347,327,236,149,1,-1,-1,-1
146,60,580,162,114,95,1,-1,-1,-1
147,57,1022,137,102,75,1,-1,-1,-1
147,58,1159,142,95,75,1,-1,-1,-1
147,59,1323,310,196,129,1,-1,-1,-1
147,60,573,165,117,98,1,-1,-1,-1
148,57,1021,137,90,75,1,-1,-1,-1
148,58,1149,140,97,74,1,-1,-1,-1
148,59,1298,295,185,125,1,-1,-1,-1
148,60,565,170,112,96,1,-1,-1,-1
148,61,637,136,69,77,1,-1,-1,-1
149,57,1017,132,87,68,1,-1,-1,-1
149,58,1143,140,92,70,1,-1,-1,-1
149,59,1272,279,174,120,1,-1,-1,-1
149,60,558,174,116,98,1,-1,-1,-1
149,61,631,140,75,75,1,-1,-1,-1
150,57,1013,132,88,69,1,-1,-1,-1
150,58,1130,139,90,68,1,-1,-1,-1
150,59,1251,265,168,115,1,-1,-1,-1
150,60,551,178,118,99,1,-1,-1,-1
150,61,625,143,81,74,1,-1,-1,-1
151,57,1009,132,87,67,1,-1,-1,-1
151,58,1126,133,86,66,1,-1,-1,-1
151,59,1229,251,161,110,1,-1,-1,-1
151,60,543,182,121,101,1,-1,-1,-1
151,61,618,147,86,72,1,-1,-1,-1
152,57,1006,132,86,65,1,-1,-1,-1
152,58,1119,133,87,64,1,-1,-1,-1
152,59,1207,241,147,106,1,-1,-1,-1
152,60,536,186,123,102,1,-1,-1,-1
152,61,612,150,92,71,1,-1,-1,-1
153,57,1003,130,85,64,1,-1,-1,-1
153,58,1114,131,85,61,1,-1,-1,-1
153,59,1196,229,143,96,1,-1,-1,-1
153,60,525,191,128,106,1,-1,-1,-1
153,61,606,154,98,69,1,-1,-1,-1
154,57,1002,129,81,64,1,-1,-1,-1
154,58,1109,128,83,61,1,-1,-1,-1
154,59,1177,216,136,102,1,-1,-1,-1
154,60,513,197,133,111,1,-1,-1,-1
154,61,602,155,96,70,1,-1,-1,-1
155,57,999,127,81,64,1,-1,-1,-1
155,58,1104,126,80,60,1,-1,-1,-1
155,59,1170,208,128,102,1,-1,-1,-1
155,60,502,202,138,115,1,-1,-1,-1
155,61,598,158,95,73,1,-1,-1,-1
156,57,996,125,80,64,1,-1,-1,-1
156,58,1099,123,78,60,1,-1,-1,-1
156,59,1159,201,130,101,1,-1,-1,-1
156,60,490,207,143,119,1,-1,-1,-1
156,61,593,160,96,75,1,-1,-1,-1
157,57,993,122,79,65,1,-1,-1,-1
157,58,1093,120,75,59,1,-1,-1,-1
157,59,1141,194,122,92,1,-1,-1,-1
157,60,470,209,149,129,1,-1,-1,-1
157,61,589,162,97,76,1,-1,-1,-1
158,57,990,120,78,65,1,-1,-1,-1
158,58,1088,118,73,59,1,-1,-1,-1
158,59,1135,194,117,83,1,-1,-1,-1
158,60,452,222,157,142,1,-1,-1,-1
158,61,576,165,111,91,1,-1,-1,-1
159,57,987,118,77,65,1,-1,-1,-1
159,58,1083,115,70,58,1,-1,-1,-1
159,59,1122,189,119,80,1,-1,-1,-1
159,60,428,222,164,157,1,-1,-1,-1
159,61,573,166,106,95,1,-1,-1,-1
160,57,984,116,76,66,1,-1,-1,-1
160,59,1108,183,120,77,1,-1,-1,-1
160,60,417,231,171,153,1,-1,-1,-1
160,61,569,167,100,98,1,-1,-1,-1
161,57,980,113,74,66,1,-1,-1,-1
161,59,1095,179,127,77,1,-1,-1,-1
161,60,399,242,180,167,1,-1,-1,-1
161,61,560,172,105,99,1,-1,-1,-1
162,57,977,111,73,66,1,-1,-1,-1
162,59,1091,176,120,75,1,-1,-1,-1
162,60,371,252,188,174,1,-1,-1,-1
162,61,550,178,110,100,1,-1,-1,-1
163,57,974,109,72,66,1,-1,-1,-1
163,59,1087,166,99,75,1,-1,-1,-1
163,60,355,274,194,176,1,-1,-1,-1
163,61,541,185,116,101,1,-1,-1,-1
164,57,971,106,71,67,1,-1,-1,-1
164,59,1074,160,111,81,1,-1,-1,-1
164,60,308,277,231,202,1,-1,-1,-1
164,61,530,188,116,105,1,-1,-1,-1
165,57,968,104,70,67,1,-1,-1,-1
165,59,1068,158,108,78,1,-1,-1,-1
165,60,278,301,243,216,1,-1,-1,-1
165,61,523,193,117,111,1,-1,-1,-1
166,59,1062,156,106,74,1,-1,-1,-1
166,60,257,312,253,220,1,-1,-1,-1
166,61,510,198,123,116,1,-1,-1,-1
167,59,1059,151,89,72,1,-1,-1,-1
167,60,199,327,287,238,1,-1,-1,-1
167,61,501,204,123,118,1,-1,-1,-1
168,59,1054,148,95,72,1,-1,-1,-1
168,60,167,360,297,257,1,-1,-1,-1
168,61,485,207,128,129,1,-1,-1,-1
169,59,1049,146,92,68,1,-1,-1,-1
169,60,111,389,326,303,1,-1,-1,-1
169,61,479,209,124,135,1,-1,-1,-1
170,59,1044,146,90,65,1,-1,-1,-1
170,60,56,418,354,348,1,-1,-1,-1
170,61,466,223,130,140,1,-1,-1,-1
171,59,1038,145,87,62,1,-1,-1,-1
171,60,0,447,383,394,1,-1,-1,-1
171,61,442,229,136,145,1,-1,-1,-1
172,59,1034,143,85,62,1,-1,-1,-1
172,60,0,487,329,399,1,-1,-1,-1
172,61,431,236,142,147,1,-1,-1,-1
173,59,1030,140,83,62,1,-1,-1,-1
173,61,412,251,154,155,1,-1,-1,-1
174,59,1026,138,81,61,1,-1,-1,-1
174,61,385,253,162,175,1,-1,-1,-1
175,59,1022,135,80,61,1,-1,-1,-1
175,61,360,270,173,178,1,-1,-1,-1
176,59,1018,133,78,61,1,-1,-1,-1
176,61,335,286,183,180,1,-1,-1,-1
177,59,1014,130,76,61,1,-1,-1,-1
177,61,299,302,206,215,1,-1,-1,-1
178,59,1010,128,74,60,1,-1,-1,-1
178,61,268,315,229,221,1,-1,-1,-1
179,59,1006,125,72,60,1,-1,-1,-1
179,61,221,333,244,227,1,-1,-1,-1
180,61,186,363,255,254,1,-1,-1,-1
181,61,105,398,302,274,1,-1,-1,-1
182,61,24,433,349,294,1,-1,-1,-1
183,61,0,464,331,332,1,-1,-1,-1
184,61,0,510,274,375,1,-1,-1,-1
225,63,659,131,70,62,1,-1,-1,-1
226,63,655,133,72,62,1,-1,-1,-1
227,63,651,135,73,63,1,-1,-1,-1
228,63,647,137,75,63,1,-1,-1,-1
229,63,643,139,77,63,1,-1,-1,-1
230,63,639,141,78,64,1,-1,-1,-1
231,63,635,143,80,64,1,-1,-1,-1
232,63,565,170,105,91,1,-1,-1,-1
232,64,731,144,82,69,1,-1,-1,-1
233,63,556,175,108,93,1,-1,-1,-1
233,64,730,148,80,68,1,-1,-1,-1
234,63,547,179,110,95,1,-1,-1,-1
234,64,728,152,78,68,1,-1,-1,-1
235,63,538,184,113,96,1,-1,-1,-1
235,64,727,156,76,67,1,-1,-1,-1
236,63,529,188,115,98,1,-1,-1,-1
236,64,722,159,79,68,1,-1,-1,-1
237,63,517,195,119,102,1,-1,-1,-1
237,64,717,162,84,72,1,-1,-1,-1
238,63,506,202,123,107,1,-1,-1,-1
238,64,712,163,87,76,1,-1,-1,-1
239,63,494,208,127,111,1,-1,-1,-1
239,64,704,169,95,78,1,-1,-1,-1
240,63,482,215,131,115,1,-1,-1,-1
240,64,696,174,103,80,1,-1,-1,-1
241,63,460,226,142,122,1,-1,-1,-1
241,64,691,179,111,79,1,-1,-1,-1
242,63,438,236,152,129,1,-1,-1,-1
242,64,690,182,110,81,1,-1,-1,-1
243,63,416,247,163,136,1,-1,-1,-1
243,64,687,184,110,91,1,-1,-1,-1
244,63,395,257,173,143,1,-1,-1,-1
244,64,684,189,103,94,1,-1,-1,-1
245,63,373,268,184,150,1,-1,-1,-1
245,64,680,194,105,95,1,-1,-1,-1
246,63,351,278,194,157,1,-1,-1,-1
246,64,669,203,113,101,1,-1,-1,-1
247,63,329,289,205,164,1,-1,-1,-1
247,64,662,209,118,107,1,-1,-1,-1
248,63,299,308,213,175,1,-1,-1,-1
248,64,655,218,121,106,1,-1,-1,-1
249,62,1685,251,235,130,1,-1,-1,-1
249,63,268,328,221,186,1,-1,-1,-1
249,64,649,225,123,115,1,-1,-1,-1
250,62,1670,250,250,127,1,-1,-1,-1
250,63,238,347,229,197,1,-1,-1,-1
250,64,643,232,125,123,1,-1,-1,-1
251,62,1646,256,270,113,1,-1,-1,-1
251,63,183,375,251,220,1,-1,-1,-1
251,64,628,242,139,125,1,-1,-1,-1
252,62,1606,255,293,117,1,-1,-1,-1
252,63,128,403,274,244,1,-1,-1,-1
252,64,616,253,148,136,1,-1,-1,-1
253,62,1570,254,296,114,1,-1,-1,-1
253,63,72,431,296,267,1,-1,-1,-1
253,64,603,263,157,146,1,-1,-1,-1
254,62,1541,252,287,109,1,-1,-1,-1
254,63,17,459,318,290,1,-1,-1,-1
254,64,588,280,166,151,1,-1,-1,-1
255,62,1537,245,278,116,1,-1,-1,-1
255,63,0,518,287,314,1,-1,-1,-1
255,64,572,296,174,156,1,-1,-1,-1
256,62,1501,242,282,111,1,-1,-1,-1
256,64,557,310,186,181,1,-1,-1,-1
257,62,1477,240,263,109,1,-1,-1,-1
257,64,541,323,198,206,1,-1,-1,-1
258,62,1443,238,264,107,1,-1,-1,-1
258,64,517,350,215,223,1,-1,-1,-1
259,62,1434,233,264,112,1,-1,-1,-1
259,64,492,377,231,239,1,-1,-1,-1
260,62,1404,232,259,111,1,-1,-1,-1
260,64,461,409,252,254,1,-1,-1,-1
261,62,1368,230,262,109,1,-1,-1,-1
261,64,429,441,273,268,1,-1,-1,-1
262,62,1372,226,233,105,1,-1,-1,-1
262,64,372,491,321,323,1,-1,-1,-1
263,62,1331,224,252,107,1,-1,-1,-1
263,64,316,543,370,378,1,-1,-1,-1
264,62,1305,222,239,108,1,-1,-1,-1
264,64,260,594,419,433,1,-1,-1,-1
265,62,1298,217,233,112,1,-1,-1,-1
265,64,204,682,422,398,1,-1,-1,-1
266,62,1273,213,227,109,1,-1,-1,-1
267,62,1274,209,207,108,1,-1,-1,-1
268,62,1244,206,207,107,1,-1,-1,-1
269,62,1221,204,197,106,1,-1,-1,-1
270,62,1214,202,190,105,1,-1,-1,-1
271,62,1210,200,180,102,1,-1,-1,-1
272,62,1190,199,172,100,1,-1,-1,-1
273,62,1186,197,160,100,1,-1,-1,-1
274,62,1169,190,153,100,1,-1,-1,-1
275,62,1161,191,149,97,1,-1,-1,-1
276,62,1155,190,142,96,1,-1,-1,-1
277,62,1144,186,135,94,1,-1,-1,-1
278,62,1141,182,129,95,1,-1,-1,-1
279,62,1134,178,123,97,1,-1,-1,-1
280,62,1129,172,121,101,1,-1,-1,-1
281,62,1114,173,132,91,1,-1,-1,-1
282,62,1067,153,91,76,1,-1,-1,-1
283,62,1067,149,90,79,1,-1,-1,-1
284,62,1058,147,88,79,1,-1,-1,-1
285,62,1055,146,90,78,1,-1,-1,-1
285,65,1666,357,254,169,1,-1,-1,-1
286,62,1052,147,87,76,1,-1,-1,-1
286,65,1601,325,273,179,1,-1,-1,-1
287,62,1049,146,86,74,1,-1,-1,-1
287,65,1554,310,255,163,1,-1,-1,-1
288,62,1045,145,87,74,1,-1,-1,-1
288,65,1508,294,238,146,1,-1,-1,-1
289,62,1042,143,87,74,1,-1,-1,-1
289,65,1463,279,220,131,1,-1,-1,-1
290,62,1038,140,88,75,1,-1,-1,-1
290,65,1417,264,202,114,1,-1,-1,-1
291,62,1035,138,87,74,1,-1,-1,-1
291,65,1395,252,184,108,1,-1,-1,-1
292,62,1033,137,84,72,1,-1,-1,-1
292,65,1372,239,166,102,1,-1,-1,-1
293,62,1031,136,83,71,1,-1,-1,-1
293,65,1345,222,151,99,1,-1,-1,-1
294,62,1029,134,82,71,1,-1,-1,-1
294,65,1313,215,149,99,1,-1,-1,-1
295,62,1026,133,81,70,1,-1,-1,-1
295,65,1298,208,160,95,1,-1,-1,-1
296,62,1024,131,80,70,1,-1,-1,-1
296,65,1276,203,139,91,1,-1,-1,-1
297,62,1022,130,79,69,1,-1,-1,-1
297,65,1252,191,128,89,1,-1,-1,-1
298,62,1020,129,78,68,1,-1,-1,-1
298,65,1243,185,125,89,1,-1,-1,-1
299,62,1017,127,76,68,1,-1,-1,-1
299,65,1228,182,119,83,1,-1,-1,-1
300,62,1015,126,75,67,1,-1,-1,-1
300,65,1212,178,112,76,1,-1,-1,-1
301,62,1013,125,74,66,1,-1,-1,-1
301,65,1195,172,112,75,1,-1,-1,-1
302,62,1011,123,73,66,1,-1,-1,-1
302,65,1178,165,111,74,1,-1,-1,-1
303,62,1008,122,72,65,1,-1,-1,-1
303,65,1178,164,94,69,1,-1,-1,-1
304,62,1006,120,71,65,1,-1,-1,-1
304,65,1162,159,92,66,1,-1,-1,-1
305,62,1004,119,70,64,1,-1,-1,-1
305,65,1153,158,91,64,1,-1,-1,-1
305,66,1548,428,372,279,1,-1,-1,-1
306,65,1147,155,85,61,1,-1,-1,-1
306,66,1471,377,403,294,1,-1,-1,-1
307,65,1130,151,89,58,1,-1,-1,-1
307,66,1430,356,373,261,1,-1,-1,-1
308,65,1124,148,86,57,1,-1,-1,-1
308,66,1389,331,339,235,1,-1,-1,-1
309,65,1118,145,84,57,1,-1,-1,-1
309,66,1347,306,304,210,1,-1,-1,-1
310,65,1111,142,81,56,1,-1,-1,-1
310,66,1306,281,270,184,1,-1,-1,-1
311,65,1105,139,79,56,1,-1,-1,-1
311,66,1286,269,274,177,1,-1,-1,-1
312,65,1099,135,76,55,1,-1,-1,-1
312,66,1279,260,205,144,1,-1,-1,-1
313,65,1093,132,73,54,1,-1,-1,-1
313,66,1251,245,192,140,1,-1,-1,-1
314,65,1086,129,71,54,1,-1,-1,-1
314,66,1223,229,178,135,1,-1,-1,-1
315,65,1080,126,68,53,1,-1,-1,-1
315,66,1207,220,169,128,1,-1,-1,-1
316,66,1190,210,160,120,1,-1,-1,-1
317,66,1168,201,152,116,1,-1,-1,-1
318,66,1162,195,142,114,1,-1,-1,-1
319,66,1139,184,140,108,1,-1,-1,-1
320,66,1133,179,130,108,1,-1,-1,-1
321,66,1116,171,134,102,1,-1,-1,-1
322,66,1029,131,98,75,1,-1,-1,-1
323,66,1031,135,89,64,1,-1,-1,-1
324,66,1022,132,83,62,1,-1,-1,-1
325,66,1018,129,88,66,1,-1,-1,-1
326,66,1015,127,84,65,1,-1,-1,-1
327,66,1011,124,80,63,1,-1,-1,-1
328,66,1006,121,79,64,1,-1,-1,-1
328,67,636,145,83,62,1,-1,-1,-1
329,66,1001,118,78,65,1,-1,-1,-1
329,67,630,147,86,62,1,-1,-1,-1
330,66,996,114,77,66,1,-1,-1,-1
330,67,625,149,88,62,1,-1,-1,-1
331,66,991,111,76,67,1,-1,-1,-1
331,67,623,144,82,78,1,-1,-1,-1
332,67,545,182,119,94,1,-1,-1,-1
333,67,535,189,119,100,1,-1,-1,-1
334,67,525,196,118,106,1,-1,-1,-1
335,67,515,197,123,113,1,-1,-1,-1
336,67,504,206,127,112,1,-1,-1,-1
337,67,495,214,131,113,1,-1,-1,-1
338,67,474,227,136,121,1,-1,-1,-1
339,67,461,229,142,131,1,-1,-1,-1
340,67,433,238,150,135,1,-1,-1,-1
340,69,643,146,76,58,1,-1,-1,-1
341,67,419,250,158,141,1,-1,-1,-1
341,69,640,147,77,60,1,-1,-1,-1
342,67,405,261,166,146,1,-1,-1,-1
342,69,638,147,78,63,1,-1,-1,-1
343,67,379,270,171,154,1,-1,-1,-1
343,69,635,148,78,65,1,-1,-1,-1
344,67,340,291,200,171,1,-1,-1,-1
344,69,632,148,79,67,1,-1,-1,-1
345,67,300,312,228,188,1,-1,-1,-1
345,69,628,152,83,65,1,-1,-1,-1
346,67,279,323,231,204,1,-1,-1,-1
346,69,624,156,84,64,1,-1,-1,-1
347,67,237,348,251,225,1,-1,-1,-1
347,69,619,160,85,64,1,-1,-1,-1
348,67,194,373,270,246,1,-1,-1,-1
348,69,615,164,86,63,1,-1,-1,-1
349,67,132,408,295,276,1,-1,-1,-1
349,69,610,166,88,65,1,-1,-1,-1
350,67,71,443,321,305,1,-1,-1,-1
350,68,1684,370,236,203,1,-1,-1,-1
350,69,603,169,90,66,1,-1,-1,-1
351,67,9,478,346,335,1,-1,-1,-1
351,68,1623,330,270,202,1,-1,-1,-1
351,69,595,174,88,73,1,-1,-1,-1
352,67,0,534,292,380,1,-1,-1,-1
352,68,1570,312,254,181,1,-1,-1,-1
352,69,588,174,95,77,1,-1,-1,-1
353,68,1516,293,237,160,1,-1,-1,-1
353,69,583,178,98,77,1,-1,-1,-1
354,68,1479,278,219,149,1,-1,-1,-1
354,69,577,184,98,77,1,-1,-1,-1
355,68,1441,262,201,138,1,-1,-1,-1
355,69,570,189,99,78,1,-1,-1,-1
356,68,1417,244,155,127,1,-1,-1,-1
356,69,564,195,99,78,1,-1,-1,-1
357,68,1382,235,153,121,1,-1,-1,-1
357,69,553,198,105,80,1,-1,-1,-1
358,68,1347,217,150,116,1,-1,-1,-1
358,69,545,198,108,85,1,-1,-1,-1
359,68,1314,211,153,112,1,-1,-1,-1
359,69,539,206,110,91,1,-1,-1,-1
360,68,1309,202,143,112,1,-1,-1,-1
360,69,526,211,110,94,1,-1,-1,-1
361,68,1280,196,132,108,1,-1,-1,-1
361,69,515,221,116,92,1,-1,-1,-1
362,68,1254,189,130,99,1,-1,-1,-1
362,69,504,224,121,99,1,-1,-1,-1
363,68,1250,185,119,94,1,-1,-1,-1
363,69,481,234,129,108,1,-1,-1,-1
364,68,1224,174,112,96,1,-1,-1,-1
364,69,474,237,128,113,1,-1,-1,-1
365,68,1213,170,114,94,1,-1,-1,-1
365,69,461,246,133,113,1,-1,-1,-1
366,68,1190,158,111,90,1,-1,-1,-1
366,69,440,252,138,117,1,-1,-1,-1
367,68,1181,160,111,85,1,-1,-1,-1
367,69,424,270,145,119,1,-1,-1,-1
368,68,1176,158,102,80,1,-1,-1,-1
368,69,412,277,151,122,1,-1,-1,-1
369,68,1163,155,90,75,1,-1,-1,-1
369,69,381,300,164,129,1,-1,-1,-1
370,68,1151,152,98,76,1,-1,-1,-1
370,69,352,313,180,141,1,-1,-1,-1
371,68,1140,143,92,75,1,-1,-1,-1
371,69,323,325,195,153,1,-1,-1,-1
372,68,1070,119,68,59,1,-1,-1,-1
373,68,1065,117,67,58,1,-1,-1,-1
374,68,1061,115,66,57,1,-1,-1,-1
375,68,1056,114,66,57,1,-1,-1,-1
376,68,1051,112,65,56,1,-1,-1,-1
377,68,1047,110,64,55,1,-1,-1,-1
378,68,1042,108,63,54,1,-1,-1,-1
399,70,649,133,76,60,1,-1,-1,-1
400,70,647,134,76,61,1,-1,-1,-1
401,70,644,136,77,62,1,-1,-1,-1
402,70,642,137,77,63,1,-1,-1,-1
403,70,640,138,77,64,1,-1,-1,-1
404,70,637,139,77,64,1,-1,-1,-1
405,70,635,141,78,65,1,-1,-1,-1
406,70,632,142,78,66,1,-1,-1,-1
407,70,630,143,78,67,1,-1,-1,-1
408,70,630,144,78,66,1,-1,-1,-1
409,70,627,146,78,66,1,-1,-1,-1
410,70,625,148,79,66,1,-1,-1,-1
411,70,622,150,79,66,1,-1,-1,-1
412,70,619,153,79,65,1,-1,-1,-1
413,70,616,155,79,65,1,-1,-1,-1
414,70,614,157,80,65,1,-1,-1,-1
415,70,611,159,80,65,1,-1,-1,-1
416,70,607,159,84,67,1,-1,-1,-1
417,70,605,162,84,67,1,-1,-1,-1
418,70,602,163,86,68,1,-1,-1,-1
419,70,598,164,89,70,1,-1,-1,-1
420,70,594,165,92,72,1,-1,-1,-1
421,70,590,166,95,72,1,-1,-1,-1
422,70,589,167,94,72,1,-1,-1,-1
423,70,578,165,105,89,1,-1,-1,-1
424,70,575,166,110,91,1,-1,-1,-1
425,70,576,172,97,86,1,-1,-1,-1
426,70,575,173,98,89,1,-1,-1,-1
427,70,574,174,96,89,1,-1,-1,-1
428,70,570,177,98,87,1,-1,-1,-1
429,70,565,181,97,85,1,-1,-1,-1
430,70,561,183,99,83,1,-1,-1,-1
431,70,556,183,104,87,1,-1,-1,-1
432,70,528,193,114,95,1,-1,-1,-1
433,70,500,202,124,103,1,-1,-1,-1
434,70,497,204,125,105,1,-1,-1,-1
435,70,500,202,116,110,1,-1,-1,-1
436,70,496,205,120,108,1,-1,-1,-1
437,70,487,205,125,113,1,-1,-1,-1
438,70,485,208,127,112,1,-1,-1,-1
439,70,481,211,129,112,1,-1,-1,-1
440,70,477,214,130,113,1,-1,-1,-1
441,70,473,215,129,116,1,-1,-1,-1
442,70,470,214,129,120,1,-1,-1,-1
443,70,466,216,129,119,1,-1,-1,-1
444,70,461,218,131,118,1,-1,-1,-1
445,70,458,220,131,114,1,-1,-1,-1
446,70,455,221,133,113,1,-1,-1,-1
447,70,453,222,134,113,1,-1,-1,-1
447,71,791,132,78,58,1,-1,-1,-1
448,70,447,216,134,125,1,-1,-1,-1
448,71,793,132,78,60,1,-1,-1,-1
449,70,446,216,134,125,1,-1,-1,-1
449,71,796,132,78,62,1,-1,-1,-1
450,70,445,222,133,125,1,-1,-1,-1
450,71,798,131,78,63,1,-1,-1,-1
451,70,436,226,139,122,1,-1,-1,-1
451,71,800,131,78,65,1,-1,-1,-1
452,70,426,230,145,121,1,-1,-1,-1
452,71,817,140,87,71,1,-1,-1,-1
452,72,776,122,72,60,1,-1,-1,-1
452,73,1286,303,365,129,1,-1,-1,-1
453,70,415,234,150,119,1,-1,-1,-1
453,71,821,145,84,69,1,-1,-1,-1
453,72,777,123,72,61,1,-1,-1,-1
453,73,1223,305,387,129,1,-1,-1,-1
454,70,414,234,147,119,1,-1,-1,-1
454,71,825,149,80,66,1,-1,-1,-1
454,72,779,123,73,61,1,-1,-1,-1
454,73,1160,307,409,129,1,-1,-1,-1
455,70,413,235,147,120,1,-1,-1,-1
455,71,826,149,80,68,1,-1,-1,-1
455,72,780,124,73,62,1,-1,-1,-1
455,73,1085,308,419,132,1,-1,-1,-1
455,74,1636,331,284,152,1,-1,-1,-1
456,70,411,235,149,120,1,-1,-1,-1
456,71,827,148,81,71,1,-1,-1,-1
456,72,782,124,73,63,1,-1,-1,-1
456,73,1012,308,428,139,1,-1,-1,-1
456,74,1592,335,326,151,1,-1,-1,-1
457,70,410,236,150,120,1,-1,-1,-1
457,71,828,148,81,73,1,-1,-1,-1
457,72,783,125,74,63,1,-1,-1,-1
457,73,955,308,435,140,1,-1,-1,-1
457,74,1564,342,353,145,1,-1,-1,-1
458,70,409,236,151,120,1,-1,-1,-1
458,71,830,147,82,75,1,-1,-1,-1
458,72,785,125,74,64,1,-1,-1,-1
458,73,899,309,441,141,1,-1,-1,-1
458,74,1531,346,376,144,1,-1,-1,-1
459,70,408,237,151,119,1,-1,-1,-1
459,71,831,147,82,77,1,-1,-1,-1
459,72,786,126,75,65,1,-1,-1,-1
459,73,842,309,448,142,1,-1,-1,-1
459,74,1485,350,373,150,1,-1,-1,-1
460,70,408,238,151,118,1,-1,-1,-1
460,71,832,146,83,80,1,-1,-1,-1
460,72,787,126,75,65,1,-1,-1,-1
460,73,774,309,435,145,1,-1,-1,-1
460,74,1455,353,389,151,1,-1,-1,-1
461,70,407,238,152,118,1,-1,-1,-1
461,71,833,146,83,82,1,-1,-1,-1
461,72,789,127,75,66,1,-1,-1,-1
461,73,706,309,429,144,1,-1,-1,-1
461,74,1416,357,372,157,1,-1,-1,-1
462,70,400,236,149,124,1,-1,-1,-1
462,71,833,148,84,83,1,-1,-1,-1
462,72,790,127,76,66,1,-1,-1,-1
462,73,629,320,436,145,1,-1,-1,-1
462,74,1386,359,388,161,1,-1,-1,-1
463,70,400,236,150,124,1,-1,-1,-1
463,71,834,150,85,83,1,-1,-1,-1
463,72,792,128,76,67,1,-1,-1,-1
463,73,552,330,442,145,1,-1,-1,-1
463,74,1340,361,377,173,1,-1,-1,-1
464,70,399,237,150,124,1,-1,-1,-1
464,71,834,151,86,84,1,-1,-1,-1
464,72,793,128,76,68,1,-1,-1,-1
464,73,471,336,456,145,1,-1,-1,-1
464,74,1316,363,382,180,1,-1,-1,-1
465,70,397,238,153,123,1,-1,-1,-1
465,71,834,153,88,84,1,-1,-1,-1
465,72,795,129,77,68,1,-1,-1,-1
465,73,389,342,469,144,1,-1,-1,-1
465,74,1263,365,392,186,1,-1,-1,-1
466,70,397,239,153,123,1,-1,-1,-1
466,71,834,155,89,85,1,-1,-1,-1
466,72,796,129,77,69,1,-1,-1,-1
466,73,317,347,436,149,1,-1,-1,-1
466,74,1227,382,416,180,1,-1,-1,-1
467,70,396,239,153,122,1,-1,-1,-1
467,71,835,157,90,85,1,-1,-1,-1
467,72,797,130,78,69,1,-1,-1,-1
467,73,244,352,403,153,1,-1,-1,-1
467,74,1168,383,426,195,1,-1,-1,-1
468,70,395,240,152,122,1,-1,-1,-1
468,71,835,158,91,86,1,-1,-1,-1
468,72,798,131,78,69,1,-1,-1,-1
468,73,163,359,398,152,1,-1,-1,-1
468,74,1144,390,431,195,1,-1,-1,-1
469,70,391,241,154,122,1,-1,-1,-1
469,71,835,160,92,86,1,-1,-1,-1
469,72,799,132,79,70,1,-1,-1,-1
469,73,81,366,392,150,1,-1,-1,-1
469,74,1098,397,411,204,1,-1,-1,-1
470,70,388,242,155,122,1,-1,-1,-1
470,71,835,161,93,88,1,-1,-1,-1
470,72,800,133,79,70,1,-1,-1,-1
470,73,0,373,387,149,1,-1,-1,-1
470,74,1071,407,426,208,1,-1,-1,-1
471,70,384,243,158,122,1,-1,-1,-1
471,71,836,162,94,89,1,-1,-1,-1
471,72,801,133,80,70,1,-1,-1,-1
471,73,0,375,306,153,1,-1,-1,-1
471,74,1014,416,429,216,1,-1,-1,-1
472,70,379,244,161,122,1,-1,-1,-1
472,71,836,162,95,91,1,-1,-1,-1
472,72,802,134,80,70,1,-1,-1,-1
472,74,985,435,441,222,1,-1,-1,-1
473,70,371,244,166,123,1,-1,-1,-1
473,71,836,163,96,92,1,-1,-1,-1
473,72,803,135,81,71,1,-1,-1,-1
473,74,927,441,443,230,1,-1,-1,-1
474,70,365,244,169,125,1,-1,-1,-1
474,71,837,164,97,94,1,-1,-1,-1
474,72,804,136,81,71,1,-1,-1,-1
474,74,881,455,456,237,1,-1,-1,-1
475,70,355,250,167,128,1,-1,-1,-1
475,71,837,165,98,95,1,-1,-1,-1
475,72,805,137,82,71,1,-1,-1,-1
475,74,834,469,469,244,1,-1,-1,-1
476,70,350,250,174,128,1,-1,-1,-1
476,71,837,166,99,97,1,-1,-1,-1
476,72,806,138,82,72,1,-1,-1,-1
476,74,780,477,483,274,1,-1,-1,-1
477,70,340,251,185,127,1,-1,-1,-1
477,71,837,166,100,98,1,-1,-1,-1
477,72,807,139,83,73,1,-1,-1,-1
477,74,725,484,497,303,1,-1,-1,-1
478,70,328,251,191,127,1,-1,-1,-1
478,71,838,167,101,100,1,-1,-1,-1
478,72,809,139,83,74,1,-1,-1,-1
478,74,674,496,509,317,1,-1,-1,-1
479,70,317,259,199,125,1,-1,-1,-1
479,71,838,168,102,101,1,-1,-1,-1
479,72,810,140,84,75,1,-1,-1,-1
479,74,607,526,505,320,1,-1,-1,-1
480,70,298,254,202,139,1,-1,-1,-1
480,71,839,170,101,102,1,-1,-1,-1
480,72,811,141,84,75,1,-1,-1,-1
480,74,567,550,504,338,1,-1,-1,-1
481,70,286,256,210,138,1,-1,-1,-1
481,71,840,172,101,101,1,-1,-1,-1
481,72,812,142,85,76,1,-1,-1,-1
481,74,514,605,523,340,1,-1,-1,-1
482,70,274,259,216,134,1,-1,-1,-1
482,71,840,173,102,100,1,-1,-1,-1
482,72,814,142,85,77,1,-1,-1,-1
482,74,428,620,542,360,1,-1,-1,-1
483,70,251,261,221,135,1,-1,-1,-1
483,71,840,177,105,98,1,-1,-1,-1
483,72,815,143,86,78,1,-1,-1,-1
483,74,377,644,553,391,1,-1,-1,-1
484,70,234,264,235,134,1,-1,-1,-1
484,71,839,180,106,96,1,-1,-1,-1
484,72,816,144,86,79,1,-1,-1,-1
484,74,279,687,591,393,1,-1,-1,-1
485,70,225,268,234,134,1,-1,-1,-1
485,71,839,181,106,97,1,-1,-1,-1
485,72,816,145,87,80,1,-1,-1,-1
485,74,200,734,621,346,1,-1,-1,-1
486,70,193,274,246,138,1,-1,-1,-1
486,71,839,182,107,98,1,-1,-1,-1
486,72,816,146,87,80,1,-1,-1,-1
487,70,183,279,246,135,1,-1,-1,-1
487,71,839,183,107,98,1,-1,-1,-1
487,72,817,147,88,81,1,-1,-1,-1
488,70,147,280,265,140,1,-1,-1,-1
488,71,839,184,108,99,1,-1,-1,-1
488,72,817,149,89,81,1,-1,-1,-1
489,70,109,274,297,156,1,-1,-1,-1
489,71,840,185,108,100,1,-1,-1,-1
489,72,817,150,90,82,1,-1,-1,-1
490,70,106,292,260,138,1,-1,-1,-1
490,71,840,186,109,101,1,-1,-1,-1
490,72,817,151,90,83,1,-1,-1,-1
491,70,75,297,262,135,1,-1,-1,-1
491,71,840,187,109,101,1,-1,-1,-1
491,72,817,152,91,83,1,-1,-1,-1
492,70,34,295,297,150,1,-1,-1,-1
492,71,840,188,110,102,1,-1,-1,-1
492,72,818,153,92,84,1,-1,-1,-1
493,70,13,304,279,143,1,-1,-1,-1
493,71,840,189,110,103,1,-1,-1,-1
493,72,818,154,93,84,1,-1,-1,-1
494,70,0,306,273,146,1,-1,-1,-1
494,71,841,190,110,104,1,-1,-1,-1
494,72,818,155,93,85,1,-1,-1,-1
495,70,0,303,235,163,1,-1,-1,-1
495,71,842,190,110,106,1,-1,-1,-1
495,72,818,156,94,86,1,-1,-1,-1
496,71,842,191,110,107,1,-1,-1,-1
496,72,818,158,95,86,1,-1,-1,-1
497,71,843,191,111,109,1,-1,-1,-1
497,72,819,159,96,87,1,-1,-1,-1
498,71,844,192,111,110,1,-1,-1,-1
498,72,819,160,96,87,1,-1,-1,-1
499,71,845,192,111,111,1,-1,-1,-1
499,72,819,161,97,88,1,-1,-1,-1
500,71,845,193,111,113,1,-1,-1,-1
500,72,821,161,96,88,1,-1,-1,-1
501,71,846,193,111,114,1,-1,-1,-1
501,72,822,160,94,87,1,-1,-1,-1
502,71,841,205,114,109,1,-1,-1,-1
503,71,841,205,115,111,1,-1,-1,-1
504,71,842,205,115,114,1,-1,-1,-1
505,71,842,206,116,116,1,-1,-1,-1
506,71,843,206,116,119,1,-1,-1,-1
507,71,843,206,117,121,1,-1,-1,-1
508,71,843,206,118,122,1,-1,-1,-1
509,71,844,206,119,123,1,-1,-1,-1
510,71,844,206,120,124,1,-1,-1,-1
511,71,845,206,122,125,1,-1,-1,-1
512,71,845,205,123,126,1,-1,-1,-1
513,71,845,205,124,127,1,-1,-1,-1
514,71,846,205,125,128,1,-1,-1,-1
515,71,846,205,126,129,1,-1,-1,-1
516,71,846,205,126,129,1,-1,-1,-1
517,71,846,205,126,129,1,-1,-1,-1
518,71,846,205,126,129,1,-1,-1,-1
519,71,846,205,126,129,1,-1,-1,-1
520,71,846,205,126,129,1,-1,-1,-1
521,71,846,205,126,129,1,-1,-1,-1
522,71,846,205,126,129,1,-1,-1,-1
523,71,846,205,126,129,1,-1,-1,-1
524,71,846,205,126,129,1,-1,-1,-1
525,71,846,205,126,129,1,-1,-1,-1
526,71,846,205,126,129,1,-1,-1,-1
527,71,846,205,126,129,1,-1,-1,-1
528,71,846,205,126,129,1,-1,-1,-1
529,71,846,205,126,129,1,-1,-1,-1
530,71,846,205,126,129,1,-1,-1,-1
531,71,846,205,126,129,1,-1,-1,-1
532,71,846,205,126,129,1,-1,-1,-1
533,71,846,205,126,129,1,-1,-1,-1
534,71,846,205,126,129,1,-1,-1,-1
535,71,846,205,126,129,1,-1,-1,-1
536,71,846,205,126,129,1,-1,-1,-1
537,71,846,205,126,129,1,-1,-1,-1
538,71,846,205,126,129,1,-1,-1,-1
539,71,846,205,126,129,1,-1,-1,-1
540,71,846,205,126,129,1,-1,-1,-1
541,71,846,205,126,129,1,-1,-1,-1
542,71,846,206,126,128,1,-1,-1,-1
543,71,846,206,126,128,1,-1,-1,-1
544,71,846,206,126,128,1,-1,-1,-1
545,71,846,206,126,128,1,-1,-1,-1
546,71,846,206,126,128,1,-1,-1,-1
547,71,846,206,126,128,1,-1,-1,-1
548,71,846,206,126,128,1,-1,-1,-1
549,71,846,206,126,128,1,-1,-1,-1
550,71,846,206,126,128,1,-1,-1,-1
551,71,846,206,126,128,1,-1,-1,-1
552,71,846,206,126,128,1,-1,-1,-1
553,71,846,206,126,128,1,-1,-1,-1
554,71,846,206,126,128,1,-1,-1,-1
555,71,846,206,126,128,1,-1,-1,-1
556,71,846,206,125,128,1,-1,-1,-1
557,71,846,206,125,128,1,-1,-1,-1
558,71,846,206,125,128,1,-1,-1,-1
559,71,846,206,125,128,1,-1,-1,-1
560,71,846,206,125,128,1,-1,-1,-1
561,52,0,472,441,190,1,-1,-1,-1
561,71,846,206,125,128,1,-1,-1,-1
562,52,6,465,508,187,1,-1,-1,-1
562,71,846,206,125,128,1,-1,-1,-1
563,52,88,455,494,191,1,-1,-1,-1
563,71,846,206,125,128,1,-1,-1,-1
564,52,152,456,513,182,1,-1,-1,-1
564,71,846,206,125,128,1,-1,-1,-1
565,52,238,446,514,185,1,-1,-1,-1
565,71,846,206,125,128,1,-1,-1,-1
566,52,324,435,515,189,1,-1,-1,-1
566,71,846,206,125,128,1,-1,-1,-1
567,52,409,425,515,192,1,-1,-1,-1
567,71,846,206,125,128,1,-1,-1,-1
568,52,495,414,516,195,1,-1,-1,-1
568,71,846,206,125,128,1,-1,-1,-1
569,52,580,410,512,191,1,-1,-1,-1
569,71,846,206,125,128,1,-1,-1,-1
570,52,665,406,508,187,1,-1,-1,-1
570,71,846,206,125,128,1,-1,-1,-1
571,52,749,401,503,182,1,-1,-1,-1
571,71,846,206,125,128,1,-1,-1,-1
572,52,834,397,499,178,1,-1,-1,-1
572,71,846,206,125,128,1,-1,-1,-1
573,52,917,392,491,177,1,-1,-1,-1
573,71,846,206,125,128,1,-1,-1,-1
574,52,1000,386,484,176,1,-1,-1,-1
574,71,846,206,125,128,1,-1,-1,-1
575,52,1082,381,476,175,1,-1,-1,-1
575,71,846,206,125,128,1,-1,-1,-1
576,52,1165,375,468,174,1,-1,-1,-1
576,71,846,206,125,128,1,-1,-1,-1
577,52,1244,374,457,172,1,-1,-1,-1
577,71,846,206,125,128,1,-1,-1,-1
578,52,1323,372,445,170,1,-1,-1,-1
578,53,0,395,534,283,1,-1,-1,-1
578,71,846,206,125,128,1,-1,-1,-1
579,52,1402,371,434,168,1,-1,-1,-1
579,53,41,389,601,278,1,-1,-1,-1
579,71,846,206,125,128,1,-1,-1,-1
580,52,1481,369,422,166,1,-1,-1,-1
580,53,82,377,607,277,1,-1,-1,-1
580,71,846,206,125,128,1,-1,-1,-1
581,52,1545,369,375,161,1,-1,-1,-1
581,53,211,364,590,284,1,-1,-1,-1
581,71,846,206,125,128,1,-1,-1,-1
582,53,290,357,593,283,1,-1,-1,-1
582,71,846,206,125,128,1,-1,-1,-1
583,53,369,350,596,281,1,-1,-1,-1
583,71,846,206,125,128,1,-1,-1,-1
584,53,453,347,674,278,1,-1,-1,-1
584,71,846,206,125,128,1,-1,-1,-1
585,53,508,351,647,268,1,-1,-1,-1
585,71,846,206,125,128,1,-1,-1,-1
586,53,614,348,621,258,1,-1,-1,-1
586,71,846,206,125,128,1,-1,-1,-1
587,53,720,345,596,247,1,-1,-1,-1
587,71,846,206,125,128,1,-1,-1,-1
588,53,826,341,570,237,1,-1,-1,-1
588,71,846,206,125,128,1,-1,-1,-1
589,53,932,338,544,226,1,-1,-1,-1
589,71,846,206,125,128,1,-1,-1,-1
590,53,1020,337,527,220,1,-1,-1,-1
590,71,846,206,125,128,1,-1,-1,-1
591,53,1109,336,509,213,1,-1,-1,-1
591,71,846,206,125,128,1,-1,-1,-1
592,53,1197,335,492,207,1,-1,-1,-1
592,71,846,206,125,128,1,-1,-1,-1
593,53,1269,336,498,201,1,-1,-1,-1
593,71,846,206,125,128,1,-1,-1,-1
593,75,0,481,410,206,1,-1,-1,-1
594,53,1341,336,503,194,1,-1,-1,-1
594,71,846,206,125,128,1,-1,-1,-1
594,75,9,475,491,202,1,-1,-1,-1
595,53,1428,334,479,193,1,-1,-1,-1
595,71,846,207,125,128,1,-1,-1,-1
595,75,96,467,493,201,1,-1,-1,-1
596,53,1523,326,397,201,1,-1,-1,-1
596,71,845,207,125,127,1,-1,-1,-1
596,75,183,459,494,200,1,-1,-1,-1
597,71,845,207,125,127,1,-1,-1,-1
597,75,270,450,496,199,1,-1,-1,-1
598,71,845,207,125,127,1,-1,-1,-1
598,75,357,442,497,198,1,-1,-1,-1
599,71,845,207,125,127,1,-1,-1,-1
599,75,444,434,499,197,1,-1,-1,-1
600,71,845,207,125,127,1,-1,-1,-1
600,75,530,428,496,195,1,-1,-1,-1
601,71,845,207,125,127,1,-1,-1,-1
601,75,616,422,493,193,1,-1,-1,-1
602,71,845,207,125,127,1,-1,-1,-1
602,75,701,416,489,191,1,-1,-1,-1
603,71,845,207,125,127,1,-1,-1,-1
603,75,787,410,486,189,1,-1,-1,-1
604,71,845,207,125,127,1,-1,-1,-1
604,75,873,404,483,187,1,-1,-1,-1
605,71,845,207,125,127,1,-1,-1,-1
605,75,959,398,475,186,1,-1,-1,-1
606,71,845,207,125,127,1,-1,-1,-1
606,75,1044,393,467,184,1,-1,-1,-1
607,71,845,207,125,127,1,-1,-1,-1
607,75,1130,387,458,183,1,-1,-1,-1
608,71,845,207,125,127,1,-1,-1,-1
608,75,1215,381,450,181,1,-1,-1,-1
609,71,845,207,125,127,1,-1,-1,-1
609,75,1292,387,441,169,1,-1,-1,-1
610,71,845,207,125,127,1,-1,-1,-1
610,75,1377,379,425,172,1,-1,-1,-1
611,71,845,207,125,127,1,-1,-1,-1
611,75,1461,370,409,175,1,-1,-1,-1
612,71,845,207,125,127,1,-1,-1,-1
612,75,1539,369,381,175,1,-1,-1,-1
613,71,845,207,125,127,1,-1,-1,-1
614,71,845,207,125,127,1,-1,-1,-1
614,76,0,448,425,237,1,-1,-1,-1
615,71,845,207,125,127,1,-1,-1,-1
615,76,3,438,524,238,1,-1,-1,-1
616,71,845,207,125,127,1,-1,-1,-1
616,76,97,429,526,237,1,-1,-1,-1
617,71,845,207,125,127,1,-1,-1,-1
617,76,190,419,527,235,1,-1,-1,-1
618,71,845,207,125,127,1,-1,-1,-1
618,76,273,411,548,240,1,-1,-1,-1
619,71,845,207,125,127,1,-1,-1,-1
619,76,356,402,569,244,1,-1,-1,-1
620,71,845,207,125,127,1,-1,-1,-1
620,76,439,394,590,249,1,-1,-1,-1
621,71,845,207,125,127,1,-1,-1,-1
621,76,538,387,573,244,1,-1,-1,-1
622,71,845,207,125,127,1,-1,-1,-1
622,76,637,380,557,240,1,-1,-1,-1
623,71,845,207,125,127,1,-1,-1,-1
623,76,736,373,540,235,1,-1,-1,-1
624,71,845,207,125,127,1,-1,-1,-1
624,76,835,366,523,230,1,-1,-1,-1
625,71,845,207,125,127,1,-1,-1,-1
625,76,934,359,507,226,1,-1,-1,-1
626,71,845,207,125,127,1,-1,-1,-1
626,76,1033,352,490,221,1,-1,-1,-1
627,71,845,207,125,127,1,-1,-1,-1
627,76,1120,351,478,216,1,-1,-1,-1
628,71,845,207,125,127,1,-1,-1,-1
628,76,1208,349,466,210,1,-1,-1,-1
629,71,845,207,125,127,1,-1,-1,-1
629,76,1295,348,454,205,1,-1,-1,-1
630,71,845,207,125,127,1,-1,-1,-1
630,76,1382,346,442,199,1,-1,-1,-1
631,71,845,207,125,127,1,-1,-1,-1
631,76,1455,351,427,189,1,-1,-1,-1
632,71,845,207,125,127,1,-1,-1,-1
632,76,1536,337,384,199,1,-1,-1,-1
633,71,845,207,125,127,1,-1,-1,-1
634,71,845,207,125,127,1,-1,-1,-1
634,77,0,410,516,267,1,-1,-1,-1
635,71,845,207,125,127,1,-1,-1,-1
635,77,34,390,623,284,1,-1,-1,-1
636,71,845,207,124,127,1,-1,-1,-1
636,77,76,376,626,286,1,-1,-1,-1
637,71,845,207,124,127,1,-1,-1,-1
637,77,215,363,597,290,1,-1,-1,-1
638,71,845,207,124,127,1,-1,-1,-1
638,77,310,358,605,290,1,-1,-1,-1
639,71,845,207,124,127,1,-1,-1,-1
639,77,406,352,612,289,1,-1,-1,-1
640,71,845,207,124,127,1,-1,-1,-1
640,77,501,347,620,289,1,-1,-1,-1
641,71,845,207,124,127,1,-1,-1,-1
641,77,601,344,616,287,1,-1,-1,-1
642,71,845,207,124,127,1,-1,-1,-1
642,77,700,340,612,285,1,-1,-1,-1
643,71,845,207,124,127,1,-1,-1,-1
643,77,800,337,608,283,1,-1,-1,-1
644,71,845,207,124,127,1,-1,-1,-1
644,77,893,336,592,272,1,-1,-1,-1
645,71,845,207,124,127,1,-1,-1,-1
645,77,986,335,576,260,1,-1,-1,-1
646,71,845,207,124,127,1,-1,-1,-1
646,77,1080,334,560,249,1,-1,-1,-1
647,71,845,207,124,127,1,-1,-1,-1
647,77,1173,333,544,237,1,-1,-1,-1
648,71,845,207,124,127,1,-1,-1,-1
648,77,1266,332,528,226,1,-1,-1,-1
649,71,845,208,124,126,1,-1,-1,-1
649,77,1359,331,512,214,1,-1,-1,-1
650,71,845,208,124,126,1,-1,-1,-1
650,77,1439,325,481,216,1,-1,-1,-1
651,71,845,208,124,126,1,-1,-1,-1
652,71,845,208,124,126,1,-1,-1,-1
653,71,845,208,124,126,1,-1,-1,-1
654,71,845,208,124,126,1,-1,-1,-1
655,71,845,208,124,126,1,-1,-1,-1
656,71,845,208,124,126,1,-1,-1,-1
657,71,845,208,124,126,1,-1,-1,-1
658,71,845,208,124,126,1,-1,-1,-1
659,71,845,208,124,126,1,-1,-1,-1
659,78,1697,239,223,125,1,-1,-1,-1
660,71,845,208,124,126,1,-1,-1,-1
660,78,1663,240,257,118,1,-1,-1,-1
661,71,845,208,124,126,1,-1,-1,-1
661,78,1616,237,283,111,1,-1,-1,-1
662,71,845,208,124,126,1,-1,-1,-1
662,78,1607,233,283,116,1,-1,-1,-1
663,71,845,208,124,126,1,-1,-1,-1
663,78,1573,230,279,117,1,-1,-1,-1
664,71,845,208,124,126,1,-1,-1,-1
664,78,1538,227,285,120,1,-1,-1,-1
665,71,845,208,124,126,1,-1,-1,-1
665,78,1512,227,265,113,1,-1,-1,-1
666,71,845,208,124,126,1,-1,-1,-1
666,78,1480,224,261,103,1,-1,-1,-1
667,71,845,208,124,126,1,-1,-1,-1
667,78,1474,219,257,109,1,-1,-1,-1
668,71,845,208,124,126,1,-1,-1,-1
668,78,1444,213,249,113,1,-1,-1,-1
669,71,845,208,124,126,1,-1,-1,-1
669,78,1416,211,242,111,1,-1,-1,-1
670,71,845,208,124,126,1,-1,-1,-1
670,78,1413,207,230,113,1,-1,-1,-1
671,71,845,208,124,126,1,-1,-1,-1
671,78,1385,204,226,110,1,-1,-1,-1
672,71,845,208,124,126,1,-1,-1,-1
672,78,1380,201,213,111,1,-1,-1,-1
673,71,845,208,124,126,1,-1,-1,-1
673,78,1354,199,211,110,1,-1,-1,-1
674,71,845,208,124,126,1,-1,-1,-1
674,78,1340,198,203,109,1,-1,-1,-1
675,71,845,208,124,126,1,-1,-1,-1
675,78,1325,196,195,107,1,-1,-1,-1
676,71,845,208,124,126,1,-1,-1,-1
676,78,1321,189,179,106,1,-1,-1,-1
677,71,845,208,124,126,1,-1,-1,-1
677,78,1300,186,175,108,1,-1,-1,-1
678,71,845,208,125,126,1,-1,-1,-1
678,78,1292,186,169,106,1,-1,-1,-1
679,71,845,208,125,126,1,-1,-1,-1
679,78,1277,184,165,100,1,-1,-1,-1
680,71,844,208,125,126,1,-1,-1,-1
680,78,1270,182,163,101,1,-1,-1,-1
681,71,844,209,125,126,1,-1,-1,-1
681,78,1264,179,155,101,1,-1,-1,-1
682,71,844,209,125,125,1,-1,-1,-1
682,78,1261,176,145,102,1,-1,-1,-1
683,71,844,209,126,125,1,-1,-1,-1
683,78,1250,175,140,100,1,-1,-1,-1
684,71,844,209,126,125,1,-1,-1,-1
684,78,1245,172,133,102,1,-1,-1,-1
685,71,844,209,126,125,1,-1,-1,-1
685,78,1240,170,127,102,1,-1,-1,-1
686,71,844,209,126,125,1,-1,-1,-1
686,78,1236,167,123,106,1,-1,-1,-1
686,81,1722,240,198,125,1,-1,-1,-1
687,71,844,209,127,125,1,-1,-1,-1
687,78,1223,166,124,101,1,-1,-1,-1
687,81,1693,238,227,121,1,-1,-1,-1
688,71,843,209,127,125,1,-1,-1,-1
688,78,1217,164,123,101,1,-1,-1,-1
688,81,1663,244,250,108,1,-1,-1,-1
689,71,843,209,127,125,1,-1,-1,-1
689,78,1210,162,122,101,1,-1,-1,-1
689,81,1631,242,242,106,1,-1,-1,-1
690,71,843,209,127,125,1,-1,-1,-1
690,78,1208,166,118,89,1,-1,-1,-1
690,81,1594,239,241,105,1,-1,-1,-1
691,71,843,209,127,125,1,-1,-1,-1
691,78,1204,161,117,89,1,-1,-1,-1
691,81,1563,237,234,105,1,-1,-1,-1
692,71,843,209,128,125,1,-1,-1,-1
692,78,1202,161,116,86,1,-1,-1,-1
692,81,1528,235,234,103,1,-1,-1,-1
693,71,843,210,128,125,1,-1,-1,-1
693,78,1191,158,117,89,1,-1,-1,-1
693,81,1487,233,246,101,1,-1,-1,-1
694,71,843,210,128,124,1,-1,-1,-1
694,78,1188,162,113,81,1,-1,-1,-1
694,81,1487,228,229,98,1,-1,-1,-1
695,71,843,210,128,124,1,-1,-1,-1
695,78,1185,160,111,81,1,-1,-1,-1
695,81,1451,223,229,101,1,-1,-1,-1
696,71,842,210,128,124,1,-1,-1,-1
696,78,1179,158,110,84,1,-1,-1,-1
696,80,0,467,393,221,1,-1,-1,-1
696,81,1422,218,221,103,1,-1,-1,-1
697,71,842,210,129,124,1,-1,-1,-1
697,78,1176,156,107,84,1,-1,-1,-1
697,80,43,455,465,216,1,-1,-1,-1
697,81,1393,214,212,100,1,-1,-1,-1
698,71,842,210,129,124,1,-1,-1,-1
698,78,1173,154,105,83,1,-1,-1,-1
698,80,157,445,466,215,1,-1,-1,-1
698,81,1388,210,206,103,1,-1,-1,-1
699,71,842,210,129,124,1,-1,-1,-1
699,78,1172,152,100,81,1,-1,-1,-1
699,80,272,434,468,214,1,-1,-1,-1
699,81,1361,206,197,105,1,-1,-1,-1
700,71,842,210,129,124,1,-1,-1,-1
700,78,1165,148,96,80,1,-1,-1,-1
700,80,386,424,469,213,1,-1,-1,-1
700,81,1359,203,184,105,1,-1,-1,-1
701,71,842,210,129,125,1,-1,-1,-1
701,78,1162,147,97,78,1,-1,-1,-1
701,80,501,413,471,212,1,-1,-1,-1
701,81,1336,201,173,103,1,-1,-1,-1
702,71,842,210,129,125,1,-1,-1,-1
702,78,1159,146,95,78,1,-1,-1,-1
702,80,615,403,472,211,1,-1,-1,-1
702,81,1331,199,164,103,1,-1,-1,-1
703,71,842,211,130,125,1,-1,-1,-1
703,78,1155,146,94,74,1,-1,-1,-1
703,80,729,397,463,208,1,-1,-1,-1
703,81,1311,196,158,102,1,-1,-1,-1
704,71,842,211,130,125,1,-1,-1,-1
704,78,1150,144,94,74,1,-1,-1,-1
704,80,843,390,455,204,1,-1,-1,-1
704,81,1304,196,150,100,1,-1,-1,-1
705,71,842,211,130,126,1,-1,-1,-1
705,78,1146,143,92,74,1,-1,-1,-1
705,80,957,384,446,201,1,-1,-1,-1
705,81,1300,189,142,101,1,-1,-1,-1
706,71,842,211,130,126,1,-1,-1,-1
706,78,1142,140,92,75,1,-1,-1,-1
706,80,1071,377,437,197,1,-1,-1,-1
706,81,1285,189,140,99,1,-1,-1,-1
707,71,841,211,130,126,1,-1,-1,-1
707,78,1141,139,89,75,1,-1,-1,-1
707,80,1173,374,425,193,1,-1,-1,-1
707,81,1279,186,132,99,1,-1,-1,-1
708,71,841,211,130,127,1,-1,-1,-1
708,78,1132,139,92,73,1,-1,-1,-1
708,80,1275,370,412,189,1,-1,-1,-1
708,81,1275,181,125,99,1,-1,-1,-1
709,71,841,211,130,127,1,-1,-1,-1
709,78,1129,140,94,69,1,-1,-1,-1
709,80,1377,367,400,185,1,-1,-1,-1
709,81,1260,178,123,98,1,-1,-1,-1
710,71,841,212,131,127,1,-1,-1,-1
710,78,1127,140,90,67,1,-1,-1,-1
710,80,1479,363,387,181,1,-1,-1,-1
710,81,1254,174,122,100,1,-1,-1,-1
711,71,841,212,131,127,1,-1,-1,-1
711,78,1124,138,88,70,1,-1,-1,-1
711,80,1567,354,353,182,1,-1,-1,-1
711,81,1248,171,120,102,1,-1,-1,-1
712,71,841,212,131,128,1,-1,-1,-1
712,78,1120,133,85,67,1,-1,-1,-1
712,81,1242,172,119,97,1,-1,-1,-1
713,71,841,212,131,128,1,-1,-1,-1
713,78,1116,132,87,68,1,-1,-1,-1
713,81,1230,168,116,97,1,-1,-1,-1
714,71,841,212,131,128,1,-1,-1,-1
714,78,1114,133,86,64,1,-1,-1,-1
714,81,1225,167,114,94,1,-1,-1,-1
715,71,841,212,132,129,1,-1,-1,-1
715,78,1112,132,85,62,1,-1,-1,-1
715,81,1216,166,116,90,1,-1,-1,-1
716,71,841,212,132,129,1,-1,-1,-1
716,78,1110,131,85,62,1,-1,-1,-1
716,81,1211,161,111,89,1,-1,-1,-1
717,71,841,211,132,129,1,-1,-1,-1
717,78,1109,130,84,61,1,-1,-1,-1
717,81,1205,161,111,85,1,-1,-1,-1
718,71,841,211,132,130,1,-1,-1,-1
718,78,1106,128,83,61,1,-1,-1,-1
718,81,1191,163,114,80,1,-1,-1,-1
719,71,841,211,133,130,1,-1,-1,-1
719,78,1103,127,82,62,1,-1,-1,-1
719,81,1185,163,113,78,1,-1,-1,-1
720,71,841,211,133,130,1,-1,-1,-1
720,78,1099,125,81,62,1,-1,-1,-1
720,81,1177,160,113,81,1,-1,-1,-1
721,71,841,211,133,131,1,-1,-1,-1
721,78,1096,124,80,63,1,-1,-1,-1
721,81,1172,157,109,83,1,-1,-1,-1
722,71,841,211,133,131,1,-1,-1,-1
722,78,1093,122,79,63,1,-1,-1,-1
722,81,1167,153,88,76,1,-1,-1,-1
723,71,841,211,134,131,1,-1,-1,-1
723,78,1090,120,77,63,1,-1,-1,-1
723,81,1157,152,101,78,1,-1,-1,-1
724,71,841,211,134,132,1,-1,-1,-1
724,78,1087,119,76,64,1,-1,-1,-1
724,81,1147,152,105,77,1,-1,-1,-1
724,82,0,483,444,217,1,-1,-1,-1
725,71,841,210,134,132,1,-1,-1,-1
725,78,1083,117,75,64,1,-1,-1,-1
725,81,1137,150,108,76,1,-1,-1,-1
725,82,52,477,505,213,1,-1,-1,-1
726,71,841,210,134,132,1,-1,-1,-1
726,78,1080,116,74,65,1,-1,-1,-1
726,81,1132,147,88,72,1,-1,-1,-1
726,82,154,466,510,212,1,-1,-1,-1
727,71,841,210,135,133,1,-1,-1,-1
727,78,1077,114,73,65,1,-1,-1,-1
727,81,1125,146,98,73,1,-1,-1,-1
727,82,256,454,515,211,1,-1,-1,-1
728,71,841,210,135,133,1,-1,-1,-1
728,81,1117,147,101,69,1,-1,-1,-1
728,82,358,443,520,210,1,-1,-1,-1
729,71,841,210,135,133,1,-1,-1,-1
729,81,1108,147,102,68,1,-1,-1,-1
729,82,464,436,512,206,1,-1,-1,-1
730,71,841,210,135,133,1,-1,-1,-1
730,81,1103,144,99,68,1,-1,-1,-1
730,82,569,428,504,202,1,-1,-1,-1
731,71,841,210,135,133,1,-1,-1,-1
731,81,1099,144,92,67,1,-1,-1,-1
731,82,675,421,497,199,1,-1,-1,-1
732,71,841,210,135,133,1,-1,-1,-1
732,81,1094,143,84,66,1,-1,-1,-1
732,82,780,413,489,195,1,-1,-1,-1
733,71,841,210,135,133,1,-1,-1,-1
733,81,1090,141,81,66,1,-1,-1,-1
733,82,886,406,481,191,1,-1,-1,-1
734,71,842,210,134,133,1,-1,-1,-1
734,81,1077,132,84,66,1,-1,-1,-1
734,82,980,401,469,188,1,-1,-1,-1
735,71,842,210,134,133,1,-1,-1,-1
735,81,1073,131,85,70,1,-1,-1,-1
735,82,1075,397,458,186,1,-1,-1,-1
736,71,842,210,134,133,1,-1,-1,-1
736,81,1065,128,83,69,1,-1,-1,-1
736,82,1169,392,446,183,1,-1,-1,-1
737,71,842,210,134,133,1,-1,-1,-1
737,81,1056,125,81,67,1,-1,-1,-1
737,82,1263,387,434,180,1,-1,-1,-1
738,71,842,210,134,133,1,-1,-1,-1
738,81,1053,125,81,64,1,-1,-1,-1
738,82,1345,384,425,178,1,-1,-1,-1
739,71,842,210,134,133,1,-1,-1,-1
739,81,1050,123,77,66,1,-1,-1,-1
739,82,1426,380,415,176,1,-1,-1,-1
740,71,842,210,134,133,1,-1,-1,-1
740,81,1045,121,75,68,1,-1,-1,-1
740,82,1508,377,406,174,1,-1,-1,-1
741,71,842,210,134,132,1,-1,-1,-1
741,81,1041,117,73,73,1,-1,-1,-1
741,82,1589,376,331,170,1,-1,-1,-1
742,71,842,210,134,132,1,-1,-1,-1
742,81,1039,114,72,74,1,-1,-1,-1
743,71,842,210,134,132,1,-1,-1,-1
743,81,1028,113,74,73,1,-1,-1,-1
744,71,842,210,134,132,1,-1,-1,-1
744,81,1026,111,73,74,1,-1,-1,-1
745,71,843,210,133,132,1,-1,-1,-1
745,81,1022,110,73,73,1,-1,-1,-1
746,71,843,210,133,132,1,-1,-1,-1
746,81,1014,119,69,58,1,-1,-1,-1
747,71,843,210,133,132,1,-1,-1,-1
747,81,1011,116,71,61,1,-1,-1,-1
748,71,843,210,133,132,1,-1,-1,-1
748,81,1009,113,73,65,1,-1,-1,-1
749,71,843,210,133,132,1,-1,-1,-1
749,81,1006,110,75,68,1,-1,-1,-1
750,71,843,210,133,132,1,-1,-1,-1
750,81,1002,108,76,66,1,-1,-1,-1
751,71,843,210,133,132,1,-1,-1,-1
752,71,843,210,133,132,1,-1,-1,-1
753,71,843,211,133,132,1,-1,-1,-1
754,71,843,211,133,132,1,-1,-1,-1
755,71,844,211,132,132,1,-1,-1,-1
756,71,844,211,132,132,1,-1,-1,-1
757,71,844,211,132,132,1,-1,-1,-1
758,71,844,211,132,132,1,-1,-1,-1
759,71,844,211,132,132,1,-1,-1,-1
760,71,844,211,132,132,1,-1,-1,-1
761,71,844,211,132,132,1,-1,-1,-1
762,71,844,211,132,132,1,-1,-1,-1
763,71,844,211,132,132,1,-1,-1,-1
764,71,844,211,132,132,1,-1,-1,-1
765,71,844,211,132,131,1,-1,-1,-1
766,71,845,211,131,131,1,-1,-1,-1
767,71,845,211,131,131,1,-1,-1,-1
768,71,845,211,131,131,1,-1,-1,-1
769,71,845,211,131,131,1,-1,-1,-1
770,71,845,211,131,131,1,-1,-1,-1
771,71,845,211,131,131,1,-1,-1,-1
772,71,845,211,131,131,1,-1,-1,-1
773,71,845,211,131,131,1,-1,-1,-1
773,86,1684,232,236,140,1,-1,-1,-1
774,71,845,211,131,131,1,-1,-1,-1
774,86,1651,233,269,129,1,-1,-1,-1
775,71,845,211,131,131,1,-1,-1,-1
775,86,1617,223,303,134,1,-1,-1,-1
776,71,845,211,131,131,1,-1,-1,-1
776,86,1574,221,330,141,1,-1,-1,-1
777,71,846,211,130,131,1,-1,-1,-1
777,86,1549,224,330,127,1,-1,-1,-1
778,71,846,211,130,131,1,-1,-1,-1
778,85,0,431,484,263,1,-1,-1,-1
778,86,1510,221,342,129,1,-1,-1,-1
779,71,846,211,130,131,1,-1,-1,-1
779,85,13,419,606,262,1,-1,-1,-1
779,86,1497,220,325,123,1,-1,-1,-1
780,71,846,211,130,131,1,-1,-1,-1
780,85,145,407,608,261,1,-1,-1,-1
780,86,1483,219,308,116,1,-1,-1,-1
781,71,846,211,130,131,1,-1,-1,-1
781,85,278,395,610,261,1,-1,-1,-1
781,86,1447,212,311,123,1,-1,-1,-1
782,71,846,211,130,131,1,-1,-1,-1
782,85,410,382,612,260,1,-1,-1,-1
782,86,1424,208,289,124,1,-1,-1,-1
783,71,846,211,130,131,1,-1,-1,-1
783,85,542,370,614,259,1,-1,-1,-1
783,86,1411,206,275,123,1,-1,-1,-1
784,71,846,211,130,131,1,-1,-1,-1
784,85,674,358,598,260,1,-1,-1,-1
784,86,1398,203,260,121,1,-1,-1,-1
785,71,846,211,130,131,1,-1,-1,-1
785,85,805,346,582,260,1,-1,-1,-1
785,86,1374,198,248,120,1,-1,-1,-1
786,71,846,211,130,131,1,-1,-1,-1
786,85,962,343,541,241,1,-1,-1,-1
786,86,1374,197,231,119,1,-1,-1,-1
787,71,846,211,130,131,1,-1,-1,-1
787,85,1076,342,532,234,1,-1,-1,-1
787,86,1343,193,237,120,1,-1,-1,-1
788,71,847,211,129,131,1,-1,-1,-1
788,85,1189,341,523,227,1,-1,-1,-1
788,86,1344,193,216,116,1,-1,-1,-1
789,71,847,211,129,130,1,-1,-1,-1
789,85,1303,339,513,219,1,-1,-1,-1
789,86,1315,192,220,112,1,-1,-1,-1
790,71,847,211,129,130,1,-1,-1,-1
790,85,1416,338,504,212,1,-1,-1,-1
790,86,1307,184,210,113,1,-1,-1,-1
791,71,847,211,129,130,1,-1,-1,-1
791,86,1290,182,202,113,1,-1,-1,-1
792,71,847,211,129,130,1,-1,-1,-1
792,86,1283,178,196,117,1,-1,-1,-1
793,71,847,211,129,130,1,-1,-1,-1
793,86,1283,178,179,113,1,-1,-1,-1
794,71,847,211,129,130,1,-1,-1,-1
794,86,1266,176,172,105,1,-1,-1,-1
795,71,847,211,129,130,1,-1,-1,-1
795,86,1259,173,167,105,1,-1,-1,-1
796,71,847,211,129,130,1,-1,-1,-1
796,86,1256,170,158,106,1,-1,-1,-1
797,71,847,211,129,130,1,-1,-1,-1
797,86,1245,168,151,106,1,-1,-1,-1
798,71,847,211,129,130,1,-1,-1,-1
798,86,1239,165,145,108,1,-1,-1,-1
799,71,848,211,128,130,1,-1,-1,-1
799,86,1234,162,138,109,1,-1,-1,-1
800,71,848,211,128,130,1,-1,-1,-1
800,86,1231,158,133,110,1,-1,-1,-1
801,71,848,212,128,130,1,-1,-1,-1
801,86,1215,158,136,105,1,-1,-1,-1
802,71,848,212,128,130,1,-1,-1,-1
802,86,1206,154,136,100,1,-1,-1,-1
803,71,848,212,128,130,1,-1,-1,-1
803,86,1202,154,127,99,1,-1,-1,-1
804,71,848,212,128,130,1,-1,-1,-1
804,86,1199,154,123,96,1,-1,-1,-1
805,71,848,212,128,130,1,-1,-1,-1
805,86,1188,154,122,95,1,-1,-1,-1
806,71,848,212,128,130,1,-1,-1,-1
806,86,1183,153,122,92,1,-1,-1,-1
807,71,848,212,128,130,1,-1,-1,-1
807,86,1178,150,122,94,1,-1,-1,-1
808,71,848,212,128,130,1,-1,-1,-1
808,86,1175,150,114,87,1,-1,-1,-1
809,71,849,212,127,130,1,-1,-1,-1
809,86,1170,146,112,89,1,-1,-1,-1
810,71,849,212,127,130,1,-1,-1,-1
810,86,1164,142,111,92,1,-1,-1,-1
811,71,849,212,127,130,1,-1,-1,-1
811,86,1157,137,109,95,1,-1,-1,-1
812,71,849,212,127,130,1,-1,-1,-1
812,86,1155,143,101,83,1,-1,-1,-1
813,71,849,212,127,129,1,-1,-1,-1
813,86,1150,143,101,79,1,-1,-1,-1
814,71,849,212,127,129,1,-1,-1,-1
814,86,1142,144,106,76,1,-1,-1,-1
815,71,849,212,127,129,1,-1,-1,-1
815,86,1135,140,109,78,1,-1,-1,-1
816,71,849,212,127,129,1,-1,-1,-1
816,86,1131,140,109,77,1,-1,-1,-1
817,71,849,212,127,129,1,-1,-1,-1
817,86,1126,135,102,81,1,-1,-1,-1
818,71,849,212,127,129,1,-1,-1,-1
818,86,1121,133,109,83,1,-1,-1,-1
819,71,849,212,127,129,1,-1,-1,-1
819,86,1119,134,105,79,1,-1,-1,-1
820,71,850,212,126,129,1,-1,-1,-1
820,86,1116,129,97,76,1,-1,-1,-1
821,71,850,212,126,129,1,-1,-1,-1
821,86,1112,129,96,75,1,-1,-1,-1
822,71,850,212,126,129,1,-1,-1,-1
822,86,1107,127,97,77,1,-1,-1,-1
823,71,850,212,126,129,1,-1,-1,-1
823,86,1105,126,95,76,1,-1,-1,-1
824,71,850,212,126,129,1,-1,-1,-1
824,86,1106,124,88,75,1,-1,-1,-1
825,71,850,212,126,129,1,-1,-1,-1
825,86,1101,124,86,73,1,-1,-1,-1
826,71,850,213,128,130,1,-1,-1,-1
826,86,1096,124,85,71,1,-1,-1,-1
827,71,850,213,130,131,1,-1,-1,-1
827,86,1092,124,83,68,1,-1,-1,-1
828,71,850,214,132,132,1,-1,-1,-1
828,86,1087,124,82,66,1,-1,-1,-1
829,71,850,215,133,132,1,-1,-1,-1
829,86,1082,124,80,64,1,-1,-1,-1
830,71,850,215,135,133,1,-1,-1,-1
830,86,1078,122,81,64,1,-1,-1,-1
831,71,850,216,137,134,1,-1,-1,-1
831,86,1075,120,80,65,1,-1,-1,-1
831,89,1382,664,538,416,1,-1,-1,-1
832,71,851,217,139,135,1,-1,-1,-1
832,86,1073,117,80,66,1,-1,-1,-1
832,89,1368,654,552,426,1,-1,-1,-1
833,71,851,217,141,136,1,-1,-1,-1
833,86,1069,115,80,66,1,-1,-1,-1
833,89,1353,643,567,437,1,-1,-1,-1
834,71,851,218,143,137,1,-1,-1,-1
834,86,1065,114,79,65,1,-1,-1,-1
834,89,1339,633,581,447,1,-1,-1,-1
835,71,851,218,145,138,1,-1,-1,-1
835,86,1062,112,79,65,1,-1,-1,-1
835,89,1298,617,622,452,1,-1,-1,-1
836,71,851,219,146,138,1,-1,-1,-1
836,86,1058,111,78,64,1,-1,-1,-1
836,89,1288,606,630,452,1,-1,-1,-1
837,71,851,220,148,139,1,-1,-1,-1
837,86,1054,109,78,64,1,-1,-1,-1
837,89,1274,592,619,444,1,-1,-1,-1
838,71,851,220,150,140,1,-1,-1,-1
838,86,1050,108,77,63,1,-1,-1,-1
838,89,1253,580,612,432,1,-1,-1,-1
839,71,851,221,152,141,1,-1,-1,-1
839,86,1046,106,77,63,1,-1,-1,-1
839,89,1235,570,594,420,1,-1,-1,-1
840,71,854,223,158,141,1,-1,-1,-1
840,86,1042,105,76,62,1,-1,-1,-1
840,89,1203,547,606,404,1,-1,-1,-1
841,71,858,226,163,142,1,-1,-1,-1
841,72,831,188,112,109,1,-1,-1,-1
841,86,1039,103,76,62,1,-1,-1,-1
841,89,1167,535,610,406,1,-1,-1,-1
842,71,861,228,169,142,1,-1,-1,-1
842,72,831,188,112,109,1,-1,-1,-1
842,86,1035,102,75,61,1,-1,-1,-1
842,89,1131,523,613,408,1,-1,-1,-1
843,71,865,231,174,142,1,-1,-1,-1
843,72,831,188,112,109,1,-1,-1,-1
843,86,1031,100,75,61,1,-1,-1,-1
843,89,1097,511,609,398,1,-1,-1,-1
844,71,868,233,180,142,1,-1,-1,-1
844,72,831,188,112,109,1,-1,-1,-1
844,89,1063,499,607,387,1,-1,-1,-1
845,71,872,236,185,143,1,-1,-1,-1
845,72,831,188,112,109,1,-1,-1,-1
845,89,1006,497,606,362,1,-1,-1,-1
846,71,875,238,191,143,1,-1,-1,-1
846,72,831,189,114,107,1,-1,-1,-1
846,89,972,487,618,345,1,-1,-1,-1
847,71,876,238,206,144,1,-1,-1,-1
847,72,830,190,115,105,1,-1,-1,-1
847,89,927,480,626,330,1,-1,-1,-1
848,71,879,242,210,140,1,-1,-1,-1
848,72,830,192,117,102,1,-1,-1,-1
848,89,900,474,613,320,1,-1,-1,-1
849,71,894,241,228,145,1,-1,-1,-1
849,72,829,193,118,100,1,-1,-1,-1
849,89,835,472,633,309,1,-1,-1,-1
850,71,902,244,245,147,1,-1,-1,-1
850,72,829,194,120,98,1,-1,-1,-1
850,89,802,468,627,304,1,-1,-1,-1
851,71,911,248,261,150,1,-1,-1,-1
851,72,830,194,119,99,1,-1,-1,-1
851,89,785,443,579,315,1,-1,-1,-1
852,71,919,251,278,152,1,-1,-1,-1
852,72,830,192,119,100,1,-1,-1,-1
852,89,709,441,600,303,1,-1,-1,-1
853,71,927,254,294,154,1,-1,-1,-1
853,72,831,197,117,100,1,-1,-1,-1
853,89,676,429,586,307,1,-1,-1,-1
854,71,956,258,270,141,1,-1,-1,-1
854,72,830,197,119,103,1,-1,-1,-1
854,89,628,424,576,300,1,-1,-1,-1
855,71,967,259,315,150,1,-1,-1,-1
855,72,830,197,119,106,1,-1,-1,-1
855,89,579,419,567,292,1,-1,-1,-1
856,71,982,260,326,147,1,-1,-1,-1
856,72,830,197,120,107,1,-1,-1,-1
856,89,531,414,557,285,1,-1,-1,-1
857,71,996,262,337,151,1,-1,-1,-1
857,72,830,199,120,106,1,-1,-1,-1
857,89,482,409,547,277,1,-1,-1,-1
858,71,1032,264,338,152,1,-1,-1,-1
858,72,831,200,120,106,1,-1,-1,-1
858,89,428,407,552,269,1,-1,-1,-1
859,71,1067,266,339,154,1,-1,-1,-1
859,72,832,201,120,106,1,-1,-1,-1
859,89,374,405,558,261,1,-1,-1,-1
860,71,1103,268,340,155,1,-1,-1,-1
860,72,832,203,120,105,1,-1,-1,-1
860,89,319,402,563,253,1,-1,-1,-1
861,71,1138,269,341,156,1,-1,-1,-1
861,72,833,205,120,103,1,-1,-1,-1
861,89,265,400,568,245,1,-1,-1,-1
861,90,1260,710,646,370,1,-1,-1,-1
862,71,1174,271,342,158,1,-1,-1,-1
862,72,833,207,120,102,1,-1,-1,-1
862,89,215,398,559,243,1,-1,-1,-1
862,90,1216,665,660,415,1,-1,-1,-1
863,71,1209,273,343,159,1,-1,-1,-1
863,72,835,208,119,102,1,-1,-1,-1
863,89,165,396,549,242,1,-1,-1,-1
863,90,1191,643,646,437,1,-1,-1,-1
864,71,1254,275,344,160,1,-1,-1,-1
864,72,836,211,119,103,1,-1,-1,-1
864,89,115,393,540,240,1,-1,-1,-1
864,90,1132,631,619,420,1,-1,-1,-1
865,71,1300,277,346,161,1,-1,-1,-1
865,72,837,213,121,107,1,-1,-1,-1
865,89,65,391,530,238,1,-1,-1,-1
865,90,1090,612,620,405,1,-1,-1,-1
866,71,1345,279,347,162,1,-1,-1,-1
866,72,837,215,123,109,1,-1,-1,-1
866,89,10,390,507,234,1,-1,-1,-1
866,90,1057,598,604,384,1,-1,-1,-1
867,71,1390,281,348,162,1,-1,-1,-1
867,72,841,212,119,119,1,-1,-1,-1
867,89,0,388,456,236,1,-1,-1,-1
867,90,1007,573,595,377,1,-1,-1,-1
868,71,1436,283,350,163,1,-1,-1,-1
868,72,842,214,120,119,1,-1,-1,-1
868,90,956,547,586,370,1,-1,-1,-1
869,71,1481,285,351,164,1,-1,-1,-1
869,72,843,214,124,122,1,-1,-1,-1
869,90,916,545,559,347,1,-1,-1,-1
870,71,1642,295,278,167,1,-1,-1,-1
870,72,846,216,131,121,1,-1,-1,-1
870,90,765,507,543,306,1,-1,-1,-1
871,72,850,223,135,125,1,-1,-1,-1
871,90,692,495,570,287,1,-1,-1,-1
872,72,849,223,143,129,1,-1,-1,-1
872,90,651,484,560,288,1,-1,-1,-1
873,72,854,227,153,125,1,-1,-1,-1
873,90,593,477,528,289,1,-1,-1,-1
874,72,857,230,160,124,1,-1,-1,-1
874,90,552,441,527,311,1,-1,-1,-1
875,72,862,232,164,125,1,-1,-1,-1
875,90,505,446,505,281,1,-1,-1,-1
876,72,863,234,172,125,1,-1,-1,-1
876,90,458,450,483,250,1,-1,-1,-1
877,72,877,237,186,130,1,-1,-1,-1
877,90,395,439,504,260,1,-1,-1,-1
878,72,892,240,201,136,1,-1,-1,-1
878,90,230,425,484,235,1,-1,-1,-1
879,72,906,243,215,141,1,-1,-1,-1
879,90,177,422,472,233,1,-1,-1,-1
879,91,1282,722,638,358,1,-1,-1,-1
880,72,914,254,221,134,1,-1,-1,-1
880,90,123,419,459,230,1,-1,-1,-1
880,91,1240,699,627,381,1,-1,-1,-1
881,72,938,258,227,133,1,-1,-1,-1
881,90,75,419,454,223,1,-1,-1,-1
881,91,1186,659,673,421,1,-1,-1,-1
882,72,955,261,233,135,1,-1,-1,-1
882,90,27,418,448,216,1,-1,-1,-1
882,91,1141,647,631,417,1,-1,-1,-1
883,72,971,263,238,136,1,-1,-1,-1
883,90,0,416,398,218,1,-1,-1,-1
883,91,1111,627,628,408,1,-1,-1,-1
884,72,993,266,261,144,1,-1,-1,-1
884,91,1069,612,626,386,1,-1,-1,-1
885,72,997,266,301,152,1,-1,-1,-1
885,91,1027,593,615,377,1,-1,-1,-1
886,72,1025,271,314,153,1,-1,-1,-1
886,91,986,575,604,367,1,-1,-1,-1
887,72,1053,276,326,153,1,-1,-1,-1
887,91,944,556,593,358,1,-1,-1,-1
888,72,1068,276,340,161,1,-1,-1,-1
888,91,914,534,589,353,1,-1,-1,-1
889,72,1119,278,339,162,1,-1,-1,-1
889,91,850,527,586,329,1,-1,-1,-1
890,72,1131,281,355,163,1,-1,-1,-1
890,91,806,514,589,315,1,-1,-1,-1
891,72,1187,283,348,165,1,-1,-1,-1
891,91,772,503,581,308,1,-1,-1,-1
892,72,1242,285,340,166,1,-1,-1,-1
892,91,715,501,573,288,1,-1,-1,-1
893,72,1298,287,333,168,1,-1,-1,-1
893,91,675,494,575,281,1,-1,-1,-1
894,72,1344,292,340,165,1,-1,-1,-1
894,91,641,486,561,282,1,-1,-1,-1
895,72,1390,297,348,163,1,-1,-1,-1
895,91,600,480,526,279,1,-1,-1,-1
896,72,1436,301,355,160,1,-1,-1,-1
896,91,568,450,519,304,1,-1,-1,-1
897,72,1482,306,362,157,1,-1,-1,-1
897,91,519,449,518,289,1,-1,-1,-1
898,72,1543,302,356,168,1,-1,-1,-1
898,91,470,448,518,275,1,-1,-1,-1
899,72,1602,302,318,177,1,-1,-1,-1
899,91,420,447,517,260,1,-1,-1,-1
900,91,371,446,516,245,1,-1,-1,-1
901,91,323,441,511,243,1,-1,-1,-1
902,91,276,436,507,241,1,-1,-1,-1
903,91,228,431,502,239,1,-1,-1,-1
903,92,1155,765,660,315,1,-1,-1,-1
904,91,172,431,488,231,1,-1,-1,-1
904,92,1111,730,613,350,1,-1,-1,-1
905,91,126,428,495,224,1,-1,-1,-1
905,92,1055,679,631,396,1,-1,-1,-1
906,91,80,424,501,217,1,-1,-1,-1
906,92,984,656,595,389,1,-1,-1,-1
907,91,36,423,460,212,1,-1,-1,-1
907,92,948,628,578,375,1,-1,-1,-1
908,91,17,419,462,215,1,-1,-1,-1
908,92,890,598,571,362,1,-1,-1,-1
909,91,0,416,406,215,1,-1,-1,-1
909,92,831,568,564,348,1,-1,-1,-1
910,92,798,546,549,345,1,-1,-1,-1
911,92,720,536,554,330,1,-1,-1,-1
912,92,686,522,536,315,1,-1,-1,-1
913,92,646,512,537,297,1,-1,-1,-1
914,92,602,491,494,305,1,-1,-1,-1
915,92,561,478,486,303,1,-1,-1,-1
916,92,514,474,477,280,1,-1,-1,-1
917,92,466,469,468,257,1,-1,-1,-1
918,92,428,464,464,250,1,-1,-1,-1
919,92,390,458,459,242,1,-1,-1,-1
920,92,325,454,463,234,1,-1,-1,-1
921,92,309,446,459,234,1,-1,-1,-1
922,92,250,442,447,230,1,-1,-1,-1
923,92,187,439,448,222,1,-1,-1,-1
924,92,153,431,434,217,1,-1,-1,-1
925,92,119,423,420,212,1,-1,-1,-1
926,92,51,423,422,211,1,-1,-1,-1
927,92,40,416,407,212,1,-1,-1,-1
928,92,0,421,370,207,1,-1,-1,-1
