2,1,1392,516,553,243
3,1,1461,516,541,241
4,1,1527,514,525,240
5,1,1582,514,520,238
6,1,1636,514,516,235
7,1,1691,514,511,233
8,1,1745,514,507,231
8,4,1086,261,93,74
9,1,1800,513,502,230
9,4,1082,258,95,75
10,1,1854,513,498,227
10,4,1080,257,92,73
11,1,1909,513,493,225
11,4,1076,255,92,74
12,1,1963,513,489,223
12,4,1074,255,89,72
13,1,2018,513,484,221
13,4,1071,254,89,71
14,1,2072,513,480,219
14,4,1068,249,90,74
15,1,2127,512,475,217
15,4,1064,248,90,73
16,1,2181,512,471,215
16,4,1062,246,89,74
17,1,2236,512,466,213
17,4,1059,245,89,73
18,1,2290,512,462,211
18,4,1062,247,82,69
19,1,2345,512,457,209
19,4,1064,251,76,63
20,1,2399,512,453,206
20,4,1063,249,75,63
21,1,2454,511,448,205
21,4,1062,249,72,61
22,1,2508,511,444,203
22,4,1061,248,70,60
23,1,2563,511,438,201
23,4,1063,249,67,57
24,1,2617,511,434,198
24,4,1062,249,65,55
25,1,2672,511,429,196
25,4,1062,248,66,56
26,1,2726,511,425,194
26,4,1061,247,65,55
27,1,2781,511,420,192
27,4,1060,247,63,54
28,1,2835,510,416,191
28,4,1058,246,63,53
29,1,2890,510,411,188
29,4,1061,247,61,53
30,1,2944,510,407,186
30,4,1060,247,61,52
31,1,2999,510,402,184
31,4,1059,247,60,51
32,1,3053,510,398,182
32,4,1059,246,58,50
33,1,3108,510,393,179
33,4,1058,246,57,49
34,1,3162,509,389,178
34,4,1057,246,56,48
35,4,1056,245,55,47
36,4,1056,245,53,46
37,4,1055,245,52,45
38,4,1054,244,51,44
39,4,1053,244,50,43
40,4,1053,244,49,42
41,4,1052,243,48,41
42,4,1051,243,47,40
43,4,1050,243,46,39
44,4,1050,242,44,38
45,4,1049,242,43,37
46,4,1048,242,42,36
47,4,1047,241,41,35
48,4,1072,237,48,41
49,4,1074,236,46,41
50,4,1074,236,46,40
51,4,1075,235,44,39
52,4,1076,235,43,38
53,4,1076,234,43,38
54,4,1077,234,42,37
55,4,1077,233,42,37
56,4,1078,233,41,35
57,4,1079,232,40,35
58,4,1079,232,39,34
59,4,1080,231,38,34
60,4,1081,231,37,33
61,4,1081,230,37,32
62,4,1082,229,36,32
63,4,1082,229,36,31
64,4,1083,228,34,31
65,4,1084,228,33,29
65,13,970,272,57,43
66,4,1084,227,33,29
66,13,969,272,61,46
67,4,1085,227,32,28
67,13,969,270,64,48
67,14,958,243,43,37
68,4,1086,226,31,28
68,13,971,273,64,48
68,14,955,242,44,38
69,4,1086,226,31,27
69,13,974,277,61,45
69,14,953,242,45,38
70,4,1087,225,30,26
70,13,974,275,64,48
70,14,950,241,47,40
71,4,1087,225,29,25
71,13,976,276,66,49
71,14,948,242,47,40
72,4,1088,224,28,25
72,13,977,277,67,49
72,14,948,242,47,41
73,4,1089,224,27,24
73,13,978,278,67,50
73,14,946,242,48,41
74,4,1089,223,27,24
74,13,978,278,69,51
74,14,944,242,49,42
75,4,1090,223,26,22
75,13,977,276,75,56
75,14,942,242,50,43
76,4,1091,222,25,22
76,13,979,278,76,57
76,14,941,242,50,43
77,4,1091,222,25,21
77,13,980,277,77,58
77,14,938,244,49,42
78,4,1092,221,23,21
78,13,983,278,78,59
78,14,935,244,51,44
79,4,1092,221,23,20
79,13,985,280,79,59
79,14,934,245,50,44
80,13,987,281,80,60
80,14,932,246,50,44
81,13,989,282,82,61
81,14,931,248,50,44
81,16,198,468,397,319
82,13,993,285,80,60
82,14,928,249,52,45
82,16,372,461,429,329
83,13,995,286,80,60
83,14,926,249,53,46
83,16,605,455,460,334
84,13,995,287,82,60
84,14,923,249,55,47
84,16,855,448,490,337
85,13,996,286,84,62
85,14,923,249,54,48
85,16,1107,447,513,335
86,13,997,287,85,63
86,14,921,250,55,48
86,16,1297,446,522,332
87,13,1000,289,86,63
87,14,919,251,54,47
87,16,1454,446,508,326
88,13,1001,289,89,65
88,14,918,252,54,47
88,16,1632,443,513,328
89,13,1004,290,90,65
89,14,915,250,57,50
89,16,1811,439,516,331
89,19,993,241,35,24
90,13,1005,290,91,67
90,14,914,254,56,49
90,16,1989,436,520,333
90,19,991,241,36,25
91,13,1007,291,92,68
91,14,912,254,57,50
91,16,2168,432,523,335
91,19,990,241,36,25
92,13,1009,292,93,68
92,14,910,255,59,51
92,16,2346,429,528,337
92,19,985,240,40,27
93,13,1011,292,95,70
93,14,906,254,62,53
93,16,2525,425,531,340
93,19,982,239,42,29
94,13,1013,293,96,71
94,14,906,258,59,51
94,16,2704,421,534,343
94,19,982,240,40,29
95,13,1016,294,96,71
95,14,905,260,58,51
95,16,2882,418,539,345
95,19,978,240,42,30
96,13,1018,295,96,71
96,14,901,261,59,51
96,16,3061,414,542,348
96,19,976,241,42,30
97,13,1020,296,97,71
97,14,900,261,59,52
97,16,3239,411,546,349
97,19,973,241,44,31
98,13,1022,296,97,72
98,14,898,262,59,51
98,16,3418,407,549,352
98,19,970,241,46,32
99,13,1023,297,100,73
99,14,896,262,60,52
99,16,3596,404,554,354
99,19,969,242,45,32
99,20,1656,348,175,145
100,13,1025,298,100,74
100,14,894,263,62,53
100,16,3775,400,557,357
100,19,968,244,43,31
100,20,1572,345,188,149
101,13,1028,299,100,74
101,14,892,265,62,54
101,16,3953,396,561,360
101,19,967,246,40,30
101,20,1459,344,201,150
102,13,1030,300,100,73
102,14,890,266,63,54
102,16,4132,393,564,361
102,19,964,246,41,31
102,20,1336,343,216,151
103,13,1032,301,102,74
103,14,887,265,65,57
103,16,4310,389,569,364
103,19,962,247,42,30
103,20,1207,343,232,153
104,13,1034,301,101,74
104,14,884,264,68,59
104,16,4489,386,572,366
104,19,960,247,42,31
104,20,1077,344,248,154
105,13,1046,302,84,59
105,14,882,265,68,60
105,16,4667,382,576,369
105,19,958,248,42,31
105,20,944,346,263,155
106,13,1049,303,82,58
106,14,880,265,69,60
106,16,4846,379,579,371
106,19,956,248,43,32
106,20,799,328,304,173
107,13,1052,304,81,57
107,14,877,266,69,60
107,16,5024,375,584,374
107,19,954,249,43,32
107,20,680,340,300,163
108,13,1041,305,105,73
108,14,875,269,68,59
108,16,5203,371,587,376
108,19,952,250,43,31
108,20,551,349,305,157
108,22,1583,340,187,119
109,13,1041,305,107,76
109,14,874,269,69,60
109,16,5382,368,590,378
109,19,950,250,44,32
109,20,423,352,317,157
109,22,1451,340,190,118
110,13,1042,306,110,77
110,14,870,268,73,65
110,16,5560,364,594,381
110,19,948,251,44,32
110,20,303,358,320,153
110,22,1309,341,198,118
111,13,1043,305,111,78
111,14,868,269,76,66
111,16,5739,361,598,383
111,19,946,251,44,33
111,20,180,362,328,152
111,22,1161,339,208,120
112,13,1044,305,113,80
112,14,865,268,78,69
112,16,5917,357,602,386
112,19,932,246,52,39
112,20,71,363,328,153
112,22,1013,341,218,120
113,13,1050,305,113,80
113,14,864,270,77,69
113,16,6096,354,605,387
113,19,930,246,52,39
113,20,-37,365,328,152
113,22,864,342,229,122
114,13,1051,308,111,79
114,14,863,271,76,68
114,16,6274,350,610,390
114,19,927,246,53,40
114,20,-146,366,329,153
114,22,718,343,238,123
115,13,1052,309,110,78
115,14,861,271,77,70
115,16,6453,346,613,393
115,19,924,246,54,41
115,20,-256,368,330,153
115,22,571,346,244,122
116,13,1052,309,112,78
116,14,860,273,76,69
116,16,6631,343,617,395
116,19,925,252,48,36
116,20,-365,369,332,154
116,22,429,351,250,121
117,13,1053,308,114,81
117,14,859,273,77,70
117,16,6810,339,620,398
117,19,922,254,49,36
117,20,-474,371,333,154
117,22,290,355,255,121
118,13,1054,309,114,80
118,14,857,273,78,71
118,19,922,256,47,35
118,20,-583,372,334,155
118,22,156,362,256,119
119,13,1054,310,114,80
119,14,856,275,79,72
119,19,920,257,47,35
119,20,-692,374,334,154
119,22,25,367,256,116
120,13,1054,310,115,81
120,14,855,276,79,73
120,19,917,258,47,34
120,20,-801,375,335,155
120,22,-50,373,239,111
121,13,1056,313,112,77
121,14,852,275,82,76
121,19,915,258,47,35
121,20,-910,377,336,155
121,22,-172,376,237,110
122,13,1057,313,111,77
122,14,853,280,79,72
122,19,913,259,47,35
122,20,-1019,378,336,156
122,22,-294,379,236,109
123,13,1058,314,111,76
123,14,853,281,78,73
123,19,913,261,48,36
123,20,-1128,380,337,156
123,22,-416,382,234,108
124,13,1058,314,112,77
124,14,851,282,79,73
124,19,911,262,47,36
124,20,-1237,381,338,156
124,22,-537,385,231,108
125,13,1058,314,113,77
125,14,850,283,80,73
125,19,908,261,49,38
125,20,-1346,382,338,157
125,22,-659,388,229,107
126,13,1058,314,114,77
126,14,848,284,82,74
126,19,907,262,49,38
126,20,-1455,384,339,157
126,22,-781,391,227,106
127,13,1058,314,115,77
127,14,848,283,82,76
127,19,905,263,49,38
127,20,-1564,385,340,158
127,22,-903,394,225,105
128,13,1058,313,117,79
128,14,847,285,81,75
128,19,899,262,54,42
128,20,-1673,387,341,158
128,22,-1025,397,223,104
129,13,1058,313,118,79
129,14,847,286,81,75
129,19,897,263,55,42
129,20,-1782,388,341,159
129,22,-1147,400,221,103
129,27,1636,379,143,111
130,13,1058,313,118,80
130,14,846,287,82,76
130,19,894,263,56,43
130,20,-1891,390,342,158
130,22,-1269,403,219,102
130,27,1494,379,151,111
131,13,1058,312,120,82
131,14,845,288,82,75
131,19,892,264,57,44
131,20,-2001,391,344,159
131,22,-1391,406,217,101
131,27,1334,380,162,111
132,13,1059,312,119,83
132,14,845,288,82,76
132,19,889,264,58,45
132,20,-2110,393,344,159
132,22,-1513,409,215,100
132,27,1170,380,173,111
133,13,1063,313,112,76
133,14,845,289,82,76
133,19,887,265,58,45
133,20,-2219,394,345,160
133,22,-1635,412,213,99
133,27,1004,381,185,112
134,13,1061,313,116,80
134,14,844,290,83,77
134,19,885,266,59,45
134,20,-2328,396,346,160
134,22,-1757,415,211,98
134,27,837,384,194,111
135,13,1060,313,117,80
135,14,845,292,82,76
135,19,882,266,60,46
135,20,-2437,397,347,160
135,22,-1879,419,209,97
135,27,671,385,206,111
136,13,1059,313,117,81
136,14,844,293,82,76
136,19,880,267,60,47
136,20,-2546,399,347,160
136,22,-2001,422,207,96
136,27,506,387,221,112
137,13,1059,314,117,80
137,14,843,293,84,77
137,19,877,267,62,48
137,20,-2655,400,348,161
137,22,-2123,425,205,95
137,27,348,392,229,112
138,13,1059,314,117,80
138,14,843,292,86,80
138,19,875,268,62,48
138,20,-2764,401,349,162
138,22,-2245,428,203,94
138,27,200,399,230,108
139,13,1059,314,117,80
139,14,842,293,87,80
139,19,872,268,64,49
139,20,-2873,403,349,162
139,22,-2366,431,200,93
139,27,50,401,243,110
140,13,1058,315,118,79
140,14,840,293,89,82
140,19,870,269,64,50
140,20,-2982,404,350,163
140,22,-2488,434,198,92
140,27,-40,404,233,107
141,13,1058,315,118,80
141,14,840,293,90,84
141,19,867,270,65,50
141,20,-3091,406,351,162
141,22,-2610,437,196,91
141,27,-173,406,233,107
142,13,1058,315,119,80
142,14,841,294,90,84
142,19,865,270,66,51
142,22,-2732,440,194,90
142,27,-306,408,233,107
143,13,1059,315,117,79
143,14,840,294,92,85
143,19,862,271,67,51
143,22,-2854,443,192,89
143,27,-440,410,234,107
144,13,1059,315,117,79
144,14,839,294,93,87
144,19,860,271,67,53
144,22,-2976,446,190,88
144,27,-573,412,234,107
145,13,1058,315,118,79
145,14,839,295,92,86
145,19,857,272,69,53
145,22,-3098,449,188,87
145,27,-706,414,233,107
146,13,1058,315,118,79
146,14,841,297,90,85
146,19,855,272,69,54
146,22,-3220,452,186,87
146,27,-839,416,233,107
147,13,1058,315,118,79
147,14,841,298,91,85
147,19,852,273,71,54
147,22,-3342,455,184,86
147,27,-972,418,232,107
147,28,192,483,287,289
148,13,1058,313,120,81
148,14,840,295,93,88
148,19,850,274,71,54
148,22,-3464,458,182,85
148,27,-1106,420,233,107
148,28,390,480,311,294
149,13,1057,313,122,82
149,14,841,297,91,87
149,19,847,274,72,56
149,22,-3586,461,180,84
149,27,-1239,422,233,107
149,28,623,473,337,300
150,13,1058,313,121,82
150,14,841,298,91,87
150,19,845,275,73,56
150,22,-3708,464,178,83
150,27,-1372,424,232,107
150,28,863,467,365,305
151,13,1058,312,121,84
151,14,840,296,93,89
151,19,843,275,73,57
151,27,-1505,426,232,107
151,28,1107,463,391,307
152,13,1058,312,121,84
152,14,841,299,91,87
152,19,840,276,74,57
152,27,-1638,428,231,107
152,28,1334,461,411,305
153,13,1058,313,119,81
153,14,841,299,91,87
153,19,838,277,75,58
153,27,-1772,430,232,107
153,28,1499,460,407,298
154,13,1059,313,117,81
154,14,841,299,91,87
154,19,835,277,76,59
154,27,-1905,432,232,107
154,28,1663,490,347,262
155,13,1058,313,118,81
155,14,841,297,92,89
155,19,833,278,77,59
155,27,-2038,434,231,106
155,28,1846,492,343,258
156,13,1058,313,118,81
156,14,841,300,91,87
156,19,830,278,78,60
156,27,-2171,436,231,106
156,28,2029,493,338,255
157,13,1058,314,118,80
157,14,842,301,90,87
157,19,828,279,78,61
157,27,-2304,438,230,106
157,28,2212,494,334,251
158,13,1058,314,118,80
158,14,842,302,90,86
158,19,825,279,80,62
158,27,-2438,440,231,106
158,28,2396,495,328,248
159,13,1058,314,119,81
159,14,842,301,91,87
159,27,-2571,442,231,106
159,28,2579,497,324,244
159,29,204,511,226,261
160,13,1058,314,118,81
160,14,841,301,92,88
160,27,-2704,445,230,105
160,28,2762,498,320,241
160,29,417,506,247,268
161,13,1058,313,120,82
161,14,840,299,94,90
161,27,-2837,447,230,105
161,28,2945,499,315,238
161,29,663,501,266,272
162,13,1058,313,119,82
162,14,840,298,94,91
162,27,-2970,449,229,105
162,28,3128,501,311,234
162,29,808,496,273,278
163,13,1058,313,118,82
163,14,840,297,96,92
163,27,-3104,451,230,105
163,28,3311,502,306,231
163,29,953,490,281,286
164,13,1058,313,118,82
164,14,839,295,97,95
164,27,-3237,453,230,105
164,28,3495,503,301,228
164,29,1099,485,287,292
165,13,1058,313,119,82
165,14,839,295,97,95
165,27,-3370,455,229,105
165,28,3678,505,297,223
165,29,1244,479,294,300
165,30,1434,491,579,263
166,13,1059,314,118,80
166,14,840,295,96,94
166,27,-3503,457,229,105
166,28,3861,506,292,220
166,29,1389,474,301,306
166,30,1522,490,577,261
167,13,1059,314,118,80
167,14,840,296,95,93
167,27,-3636,459,228,105
167,28,4044,507,288,217
167,29,1535,469,307,312
167,30,1610,489,575,260
168,13,1059,314,118,80
168,14,841,297,94,92
168,27,-3770,461,229,105
168,28,4227,509,283,213
168,29,1680,463,314,320
168,30,1698,487,572,260
169,13,1059,314,118,80
169,14,840,297,95,92
169,27,-3903,463,229,104
169,28,4410,510,279,210
169,29,1826,458,320,326
169,30,1786,486,570,259
170,13,1059,314,118,80
170,14,841,299,93,90
170,27,-4036,465,228,104
170,28,4594,511,274,207
170,29,1971,452,327,334
170,30,1874,485,568,258
171,13,1059,314,118,80
171,14,841,300,92,90
171,28,4777,513,269,203
171,29,2116,447,334,340
171,30,1962,484,565,257
172,13,1059,314,118,81
172,14,841,300,93,90
172,28,4960,514,265,200
172,29,2262,442,340,347
172,30,2050,483,563,255
173,13,1059,314,118,81
173,14,841,300,93,90
173,28,5143,515,260,196
173,29,2407,436,348,354
173,30,2138,482,560,254
174,13,1059,314,118,81
174,14,842,300,91,90
174,28,5326,517,256,192
174,29,2552,431,355,361
174,30,2226,481,558,253
175,13,1059,314,118,81
175,14,841,299,94,91
175,28,5509,518,252,189
175,29,2698,425,361,368
175,30,2314,480,556,252
176,13,1059,314,118,80
176,14,841,299,94,92
176,28,5693,519,246,186
176,29,2843,420,368,374
176,30,2402,479,553,251
177,13,1060,314,117,80
177,14,841,298,94,93
177,28,5876,521,242,182
177,29,2989,415,374,381
177,30,2490,478,551,250
178,13,1060,314,117,80
178,14,841,298,94,93
178,28,6059,522,237,179
178,29,3134,409,381,388
178,30,2578,477,549,249
179,13,1060,314,117,79
179,14,841,299,94,92
179,28,6242,523,233,176
179,29,3279,404,388,395
179,30,2666,476,546,247
180,13,1059,314,118,79
180,14,841,299,94,92
180,28,6425,524,228,172
180,29,3425,398,394,402
180,30,2755,475,543,246
181,13,1059,314,118,79
181,14,842,299,93,92
181,28,6608,526,224,168
181,29,3570,393,401,409
181,30,2843,474,540,245
182,13,1059,314,118,79
182,14,842,299,94,92
182,28,6792,527,219,165
182,29,3715,388,408,415
182,30,2931,473,538,244
183,13,1059,314,118,79
183,14,842,300,94,91
183,28,6975,528,214,162
183,29,3861,382,415,423
183,30,3019,472,536,243
184,13,1059,314,118,79
184,14,842,300,94,91
184,28,7158,530,210,158
184,29,4006,377,422,429
184,30,3107,471,533,242
185,13,1059,314,118,79
185,14,842,300,94,91
185,29,4152,371,428,436
185,30,3195,470,531,240
186,13,1059,314,118,79
186,14,842,299,94,92
186,29,4297,366,435,443
186,30,3283,469,529,239
187,13,1059,314,118,79
187,14,841,298,95,93
187,29,4442,361,442,449
187,30,3371,468,526,238
188,13,1059,314,118,79
188,14,841,298,95,93
188,29,4588,355,448,457
188,30,3459,466,524,238
189,13,1059,314,118,79
189,14,841,298,95,93
189,29,4733,350,455,463
189,30,3547,465,521,237
190,13,1059,314,118,79
190,14,841,298,95,93
190,29,4879,344,461,471
190,30,3635,464,519,236
191,13,1059,314,118,79
191,14,841,298,95,93
191,29,5024,339,468,477
191,30,3723,463,517,235
192,13,1059,314,119,79
192,14,843,301,93,90
192,30,3811,462,514,233
193,13,1059,314,118,79
193,14,842,303,93,90
193,30,3899,461,512,232
194,13,1059,314,118,79
194,14,841,303,94,91
194,30,3987,460,510,231
195,13,1059,314,118,79
195,14,839,302,97,93
195,30,4075,459,507,230
196,13,1059,314,118,79
196,14,838,303,96,93
197,13,1059,314,119,79
197,14,836,303,98,94
198,13,1059,314,119,79
198,14,835,304,97,94
199,13,1059,314,118,79
199,14,833,305,99,95
200,13,1059,314,118,79
200,14,831,306,100,96
201,13,1059,314,118,79
201,14,830,306,100,97
202,13,1059,314,118,79
202,14,828,306,101,97
203,13,1059,314,118,79
203,14,826,307,101,96
204,13,1059,314,118,79
204,14,824,307,102,97
205,13,1059,314,118,79
205,14,821,308,103,98
206,13,1059,314,118,79
206,14,819,310,103,97
207,13,1059,314,118,79
207,14,815,312,104,96
208,13,1059,314,118,79
208,14,810,313,106,96
208,32,898,298,75,70
209,13,1059,314,118,79
209,14,805,314,109,98
209,32,896,299,75,70
210,13,1059,314,118,79
210,14,797,315,111,98
210,32,891,299,80,73
211,13,1059,314,118,79
211,14,789,316,116,100
211,32,891,299,80,73
212,13,1059,314,118,79
212,14,782,316,120,102
212,32,894,299,80,73
213,13,1058,314,118,79
213,14,773,317,125,102
213,32,895,301,79,72
214,13,1058,314,119,79
214,14,760,317,131,104
214,32,895,302,80,72
215,13,1058,314,119,79
215,14,748,317,136,107
215,32,895,303,80,72
216,13,1058,313,120,80
216,14,735,319,141,107
216,32,893,303,83,73
217,13,1058,313,120,80
217,14,719,320,146,108
217,32,892,303,85,74
218,13,1058,312,120,81
218,14,702,323,152,108
218,32,892,304,86,75
219,13,1058,313,120,81
219,14,684,324,158,109
219,32,892,305,88,75
220,13,1058,313,120,81
220,14,663,325,165,110
220,32,893,306,88,75
220,34,766,528,566,245
221,13,1057,313,121,81
221,14,641,325,172,112
221,32,893,307,90,75
221,34,1053,526,567,245
222,13,1058,313,119,81
222,14,616,326,181,115
222,32,894,307,91,76
222,34,1341,523,555,241
223,13,1058,313,119,81
223,14,591,327,188,116
223,32,895,308,92,76
223,34,1533,521,530,235
224,13,1058,313,119,81
224,14,564,330,195,117
224,32,896,308,93,77
224,34,1742,518,526,234
225,13,1059,313,118,81
225,14,538,333,199,116
225,32,897,309,93,76
225,34,1951,516,523,232
226,13,1059,314,118,79
226,14,507,334,207,118
226,32,898,310,93,76
226,34,2160,513,520,232
226,36,560,460,484,206
227,13,1058,314,119,80
227,14,478,338,211,116
227,32,898,311,94,75
227,34,2369,511,516,230
227,36,797,455,493,210
228,13,1058,314,120,81
228,14,443,340,219,119
228,32,898,312,96,76
228,34,2578,509,513,228
228,36,1038,451,496,212
229,13,1058,314,120,81
229,14,408,342,227,120
229,32,898,312,97,77
229,34,2786,506,510,227
229,36,1278,449,493,211
230,13,1058,314,120,81
230,14,370,344,233,121
230,32,898,314,97,76
230,34,2995,504,507,225
230,36,1488,452,473,204
231,13,1058,314,119,81
231,14,332,348,238,119
231,32,898,315,98,76
231,34,3204,501,503,224
231,36,1641,453,440,199
232,13,1058,314,119,81
232,14,290,348,247,123
232,32,899,315,99,77
232,34,3413,499,500,222
232,36,1825,451,440,198
233,13,1058,314,120,81
233,14,249,351,253,124
233,32,899,316,100,77
233,34,3622,497,496,220
233,36,2010,449,438,198
234,13,1058,314,120,81
234,14,204,354,260,126
234,32,899,316,102,79
234,34,3831,494,493,219
234,36,2195,448,437,197
235,13,1058,314,120,81
235,14,159,358,264,126
235,32,899,316,102,79
235,34,4040,492,489,217
235,36,2380,446,435,196
236,13,1059,314,118,80
236,14,114,361,266,126
236,32,899,317,101,78
236,34,4249,489,486,216
236,36,2564,444,435,196
237,13,1059,314,118,80
237,14,65,364,271,128
237,32,899,317,102,78
237,34,4458,487,482,214
237,36,2749,442,433,195
238,13,1058,314,119,80
238,14,18,367,272,128
238,32,899,317,103,79
238,34,4667,484,479,213
238,36,2934,440,432,195
239,13,1058,314,119,80
239,14,-12,370,266,126
239,32,900,318,102,78
239,34,4876,482,476,212
239,36,3119,439,430,194
240,13,1058,314,119,80
240,14,-32,372,251,122
240,32,900,318,102,78
240,34,5085,480,472,210
240,36,3303,437,429,193
241,13,1058,314,119,80
241,14,-50,374,236,120
241,32,899,318,104,78
241,34,5293,477,470,209
241,36,3488,435,428,193
242,13,1058,314,119,81
242,14,-67,377,222,119
242,32,899,317,104,79
242,34,5502,475,466,207
242,36,3673,433,426,193
243,13,1058,314,119,80
243,14,-98,380,221,119
243,32,899,317,104,79
243,34,5711,472,463,206
243,36,3857,431,426,192
244,13,1059,314,117,80
244,14,-129,382,221,119
244,32,899,317,105,79
244,34,5920,470,459,204
244,36,4042,430,424,191
245,13,1059,314,117,80
245,14,-160,385,221,118
245,32,899,317,104,79
245,34,6129,468,456,202
245,36,4227,428,423,190
246,13,1058,314,119,79
246,14,-191,387,220,118
246,32,899,317,104,79
246,34,6338,465,452,201
246,36,4412,426,421,190
247,13,1058,314,119,79
247,14,-222,390,221,118
247,32,899,317,105,79
247,34,6547,463,449,199
247,36,4596,424,420,190
248,13,1058,314,119,79
248,14,-253,392,220,118
248,32,899,317,104,80
248,34,6756,460,445,198
248,36,4781,422,419,189
249,13,1058,314,119,79
249,14,-284,395,220,117
249,32,899,317,104,80
249,34,6965,458,442,196
249,36,4966,421,417,188
250,13,1058,313,119,80
250,14,-315,397,220,117
250,32,900,318,103,78
250,34,7174,455,438,195
250,36,5151,419,416,188
251,13,1058,313,119,80
251,14,-346,400,219,117
251,32,900,318,103,78
251,34,7383,453,435,194
251,36,5335,417,415,187
252,13,1058,313,119,80
252,14,-377,402,219,117
252,32,900,318,103,79
252,34,7592,451,431,192
252,36,5520,415,414,187
253,13,1057,313,120,80
253,14,-408,405,219,116
253,32,900,318,103,79
253,34,7800,448,429,191
253,36,5705,413,412,186
254,13,1058,313,119,80
254,14,-439,407,218,116
254,32,900,319,103,78
254,36,5890,412,411,185
255,13,1057,313,121,81
255,14,-470,409,218,117
255,32,900,319,103,78
255,36,6074,410,410,185
256,13,1057,313,121,81
256,14,-501,412,217,116
256,32,900,319,103,78
256,36,6259,408,408,184
257,13,1057,313,121,81
257,14,-532,414,217,116
257,32,900,319,103,78
257,36,6444,406,407,184
258,13,1058,314,119,81
258,14,-563,417,217,115
258,32,900,319,103,78
258,36,6629,405,405,182
259,13,1058,314,119,81
259,14,-594,419,216,116
259,32,900,319,103,78
259,36,6813,403,405,182
260,13,1058,314,119,80
260,14,-625,422,216,115
260,32,899,319,104,78
260,36,6998,401,403,182
261,13,1058,313,120,81
261,14,-656,424,215,115
261,32,900,319,104,78
261,36,7183,399,402,181
262,13,1058,313,119,81
262,14,-687,427,215,114
262,32,900,319,103,78
263,13,1058,313,119,80
263,14,-718,429,215,115
263,32,900,319,103,78
264,13,1058,314,119,79
264,14,-749,432,214,114
264,32,900,319,103,77
265,13,1058,314,119,80
265,14,-780,434,214,114
265,32,900,319,103,77
266,13,1058,314,118,80
266,14,-811,437,214,113
266,32,899,319,104,77
267,13,1058,315,118,79
267,14,-842,439,213,114
267,32,899,319,104,77
268,13,1058,313,119,81
268,14,-873,442,213,113
268,32,899,319,104,77
268,38,1145,358,324,102
269,13,1058,313,119,80
269,14,-904,444,212,113
269,32,900,319,104,78
269,38,974,361,320,100
270,13,1059,313,119,80
270,14,-935,447,212,113
270,32,900,319,104,78
270,38,792,359,334,106
271,13,1058,313,120,81
271,14,-966,449,212,113
271,32,901,319,103,77
271,38,625,364,328,103
272,13,1058,313,120,81
272,14,-997,452,211,112
272,32,901,319,103,77
272,38,454,368,325,103
273,13,1059,313,119,81
273,32,900,319,104,77
273,38,293,374,317,100
274,13,1058,313,120,82
274,32,900,319,104,77
274,38,134,378,319,102
275,13,1057,313,121,82
275,32,899,319,104,78
275,38,-11,385,312,100
276,13,1058,313,120,81
276,32,899,319,104,78
276,38,-96,392,283,95
277,13,1058,312,120,82
277,32,899,319,104,78
277,38,-238,396,281,94
278,13,1059,312,118,82
278,32,899,319,105,78
278,38,-380,400,279,93
279,13,1059,313,118,81
279,32,899,319,105,78
279,38,-522,404,277,92
280,13,1059,313,118,81
280,32,899,319,105,78
280,38,-664,407,275,92
281,13,1059,313,118,81
281,32,900,319,103,78
281,38,-806,411,272,91
282,13,1059,313,118,81
282,32,900,319,103,78
282,38,-948,415,270,90
283,13,1058,314,118,80
283,32,899,319,104,78
283,38,-1090,419,267,89
284,13,1058,314,119,80
284,32,899,319,104,78
284,38,-1232,423,265,88
285,13,1058,314,118,80
285,32,899,319,104,77
285,38,-1374,427,263,87
286,13,1058,314,118,80
286,32,900,319,102,77
286,38,-1516,431,260,86
287,13,1058,314,118,80
287,32,900,319,103,77
287,38,-1658,434,258,86
288,13,1058,314,119,80
288,32,900,319,103,78
288,38,-1800,438,256,85
289,13,1058,314,119,80
289,32,900,319,103,78
289,38,-1942,442,253,84
290,13,1059,314,117,80
290,32,900,319,103,78
290,38,-2083,446,250,83
291,13,1059,314,118,80
291,32,900,319,103,78
291,38,-2225,450,247,82
292,13,1058,314,114,77
292,32,900,319,104,78
292,38,-2367,454,245,81
293,13,1058,314,114,76
293,32,900,318,104,78
293,38,-2509,458,243,80
293,40,820,341,421,155
294,13,1058,313,119,81
294,32,901,318,103,78
294,38,-2651,461,240,80
294,40,728,338,431,159
295,13,1058,313,119,81
295,32,900,318,104,78
295,38,-2793,465,238,79
295,40,636,336,441,162
296,13,1059,314,117,80
296,32,899,318,104,78
296,38,-2935,469,236,78
296,40,543,333,452,166
297,13,1059,314,117,80
297,32,899,318,104,78
297,38,-3077,473,233,77
297,40,451,330,462,170
298,13,1059,314,117,80
298,32,899,318,104,78
298,38,-3219,477,231,77
298,40,359,327,471,174
299,13,1059,314,118,80
299,32,899,318,105,78
299,38,-3361,481,229,76
299,40,266,324,482,177
299,42,-68,378,347,133
300,13,1060,314,117,80
300,32,899,318,105,79
300,38,-3503,484,226,76
300,40,174,321,492,181
300,42,-116,381,339,130
301,13,1059,314,118,80
301,32,899,318,104,79
301,38,-3645,488,224,75
301,40,82,318,502,185
301,42,-164,384,330,126
302,13,1059,315,118,79
302,32,899,318,104,79
302,38,-3787,492,221,74
302,40,-10,315,512,189
302,42,-212,387,322,123
303,13,1059,315,118,79
303,32,898,318,105,79
303,38,-3929,496,219,73
303,40,-102,313,521,192
303,42,-260,390,313,119
304,13,1059,315,118,79
304,32,898,318,105,79
304,38,-4071,500,217,72
304,40,-194,310,531,196
304,42,-307,393,305,116
305,13,1059,315,118,79
305,32,898,318,105,79
305,38,-4212,504,213,71
305,40,-287,307,542,200
305,42,-355,395,296,114
306,13,1059,315,118,79
306,32,898,318,105,79
306,38,-4354,508,211,70
306,40,-379,304,552,204
306,42,-403,398,288,110
307,13,1059,315,118,78
307,32,899,318,104,79
307,40,-471,301,562,207
307,42,-451,401,279,107
308,13,1059,315,118,78
308,32,899,318,103,78
308,40,-564,298,572,211
308,42,-499,404,271,103
309,13,1059,315,118,78
309,32,900,318,102,78
309,40,-656,295,583,215
309,42,-547,407,262,100
310,13,1059,315,118,78
310,32,899,318,104,78
310,40,-748,293,593,218
310,42,-595,410,254,96
311,13,1059,315,118,78
311,32,900,318,102,78
311,40,-841,290,604,222
311,42,-642,413,244,93
312,13,1059,315,118,78
312,32,899,318,104,78
312,40,-933,287,614,226
312,42,-690,416,236,90
313,13,1059,315,118,78
313,32,899,318,104,78
313,40,-1025,284,623,230
313,42,-738,418,227,87
314,13,1059,315,118,78
314,32,899,318,104,78
314,40,-1118,281,634,233
314,42,-786,421,219,84
315,13,1059,315,118,78
315,32,900,318,102,78
315,40,-1210,278,644,237
315,42,-834,424,210,80
316,13,1059,315,118,78
316,32,900,318,102,78
316,40,-1302,275,654,241
316,42,-882,427,202,77
317,13,1059,315,118,78
317,32,899,318,104,78
317,40,-1395,272,665,245
317,42,-930,430,193,73
318,13,1059,315,118,78
318,32,900,318,102,78
318,40,-1487,270,675,248
318,42,-977,433,184,70
319,13,1059,315,118,78
319,32,899,318,103,78
319,40,-1579,267,684,252
319,42,-1025,436,175,67
320,13,1058,314,120,79
320,32,899,318,103,78
320,40,-1672,264,695,256
320,42,-1073,439,167,63
321,13,1058,314,120,79
321,32,899,318,103,77
321,40,-1764,261,705,259
321,42,-1121,441,158,61
322,13,1058,314,120,79
322,32,899,318,104,78
322,40,-1856,258,715,263
322,42,-1169,444,150,57
322,43,248,525,225,244
323,13,1058,313,120,80
323,32,899,318,104,78
323,40,-1949,255,726,267
323,42,-1217,447,141,54
323,43,322,520,232,251
324,13,1057,313,121,81
324,32,899,318,105,78
324,42,-1265,450,133,50
324,43,397,515,238,258
325,13,1057,313,121,81
325,32,898,318,106,79
325,42,-1312,453,123,47
325,43,472,510,244,265
325,44,867,513,631,250
326,13,1057,313,121,81
326,32,899,318,105,79
326,42,-1360,456,115,44
326,43,547,505,251,272
326,44,1157,510,627,248
327,13,1057,313,121,81
327,32,899,318,105,79
327,42,-1408,459,106,40
327,43,621,500,258,278
327,44,1385,506,609,245
328,13,1058,313,119,81
328,32,899,318,104,79
328,42,-1456,461,98,38
328,43,696,495,264,285
328,44,1588,503,605,244
329,13,1058,313,119,81
329,32,899,317,104,80
329,42,-1504,464,89,34
329,43,771,490,270,292
329,44,1790,501,601,242
330,13,1057,313,121,81
330,32,899,317,104,80
330,43,846,485,276,299
330,44,1993,498,597,240
331,13,1057,313,121,81
331,32,899,317,105,80
331,43,921,480,282,306
331,44,2195,496,593,238
332,13,1058,313,121,81
332,32,899,318,104,79
332,43,995,475,289,313
332,44,2397,493,589,237
333,13,1058,313,121,81
333,32,899,318,106,80
333,43,1070,470,295,320
333,44,2600,491,585,235
333,48,975,345,322,122
334,13,1058,313,119,81
334,32,899,318,106,80
334,43,1145,465,301,327
334,44,2802,488,581,234
334,48,803,348,316,120
335,13,1058,313,119,81
335,32,901,318,103,78
335,43,1220,460,308,334
335,44,3005,485,577,232
335,48,628,351,317,121
336,13,1058,313,119,81
336,32,900,319,103,77
336,43,1294,455,315,341
336,44,3207,483,573,230
336,48,457,355,317,121
337,13,1058,313,119,80
337,32,899,319,104,77
337,43,1369,450,321,348
337,44,3410,480,569,229
337,48,292,360,315,121
338,13,1058,313,119,80
338,32,899,319,104,77
338,43,1444,446,327,354
338,44,3612,478,565,227
338,48,135,367,310,118
339,13,1058,313,119,80
339,32,899,319,104,77
339,43,1519,441,333,361
339,44,3815,475,560,226
339,48,-16,368,314,122
340,13,1058,313,119,80
340,32,899,319,104,77
340,43,1593,436,340,368
340,44,4017,472,557,224
340,48,-102,373,290,117
341,13,1058,313,119,81
341,32,899,319,104,78
341,43,1668,431,346,375
341,44,4219,470,553,222
341,48,-243,376,289,117
342,13,1058,313,119,81
342,32,899,319,104,78
342,43,1743,426,352,381
342,44,4422,467,549,221
342,48,-383,380,288,116
343,13,1058,313,119,81
343,32,899,319,104,78
343,43,1818,421,359,388
343,44,4624,465,545,219
343,48,-523,383,286,115
344,13,1058,313,119,81
344,32,899,319,104,78
344,43,1892,416,366,395
344,44,4827,462,540,218
344,48,-664,386,285,115
345,13,1058,313,120,81
345,32,899,319,104,78
345,43,1967,411,372,402
345,44,5029,460,537,215
345,48,-804,390,284,114
346,13,1058,313,120,81
346,32,899,319,104,78
346,43,2042,406,378,409
346,44,5232,457,532,214
346,48,-945,393,283,114
347,13,1058,313,120,82
347,32,899,319,104,78
347,43,2117,401,384,416
347,44,5434,454,529,213
347,48,-1085,397,281,113
348,13,1058,313,119,82
348,32,899,319,105,78
348,43,2191,396,391,423
348,44,5636,452,525,211
348,48,-1226,400,280,112
348,49,208,566,186,202
349,13,1058,313,119,82
349,32,899,319,105,78
349,43,2266,391,397,430
349,44,5839,449,520,210
349,48,-1366,403,278,112
349,49,269,560,192,209
350,13,1058,313,119,82
350,32,899,319,105,78
350,43,2341,386,403,437
350,44,6041,447,517,207
350,48,-1506,407,276,111
350,49,331,555,197,215
351,13,1058,313,119,82
351,32,899,319,105,78
351,43,2416,381,409,444
351,44,6244,444,512,206
351,48,-1647,410,275,111
351,49,393,550,202,220
351,50,753,554,568,211
352,13,1058,313,120,82
352,32,899,319,105,78
352,43,2490,376,417,451
352,44,6446,441,509,205
352,48,-1787,414,273,110
352,49,454,545,208,226
352,50,1021,553,561,209
353,13,1059,313,118,81
353,32,900,319,103,78
353,44,6649,439,504,203
353,48,-1928,417,272,109
353,49,516,540,213,232
353,50,1281,549,566,211
354,13,1059,313,118,81
354,32,900,319,103,78
354,44,6851,436,501,202
354,48,-2068,420,270,109
354,49,578,534,218,238
354,50,1477,549,543,206
355,13,1059,313,118,81
355,32,900,320,103,77
355,44,7054,434,496,199
355,48,-2208,424,268,108
355,49,639,529,224,244
355,50,1674,547,541,205
356,13,1059,313,118,80
356,32,899,319,105,78
356,44,7256,431,492,198
356,48,-2349,427,268,108
356,49,701,524,229,250
356,50,1871,545,538,205
357,13,1059,313,118,80
357,32,899,319,105,78
357,44,7458,429,489,196
357,48,-2489,431,266,107
357,49,762,519,236,255
357,50,2068,543,536,204
358,13,1059,313,119,80
358,32,899,319,105,78
358,48,-2630,434,265,106
358,49,824,513,241,262
358,50,2265,541,534,203
359,13,1059,313,119,80
359,32,899,319,105,78
359,48,-2770,437,263,106
359,49,886,508,246,267
359,50,2462,539,532,202
360,13,1059,313,119,80
360,32,899,318,105,79
360,48,-2910,441,261,105
360,49,947,503,252,273
360,50,2659,537,530,202
361,13,1059,313,119,80
361,32,899,318,105,79
361,48,-3051,444,260,105
361,49,1009,498,257,279
361,50,2856,535,528,201
362,13,1059,313,119,80
362,32,899,318,105,79
362,48,-3191,448,258,104
362,49,1071,493,262,284
362,50,3053,533,526,200
363,13,1059,313,119,80
363,32,899,318,105,79
363,48,-3332,451,257,103
363,49,1132,487,268,291
363,50,3250,532,524,199
364,13,1059,313,119,80
364,32,899,318,105,79
364,48,-3472,454,255,103
364,49,1194,482,273,297
364,50,3447,530,522,198
365,13,1059,313,118,80
365,32,900,318,104,79
365,48,-3613,458,254,102
365,49,1255,477,279,302
365,50,3644,528,520,197
366,13,1059,313,118,80
366,32,900,318,104,79
366,48,-3753,461,252,102
366,49,1317,472,284,308
366,50,3841,526,518,196
367,13,1059,313,118,80
367,32,900,318,104,79
367,48,-3893,465,251,100
367,49,1379,467,289,314
367,50,4039,524,515,196
368,13,1059,313,118,80
368,32,900,318,104,79
368,48,-4034,468,250,100
368,49,1440,461,295,320
368,50,4236,522,513,195
369,13,1059,313,118,80
369,32,900,318,104,79
369,48,-4174,471,248,100
369,49,1502,456,300,326
369,50,4433,520,511,194
370,13,1059,313,118,80
370,32,900,318,104,79
370,48,-4315,475,247,99
370,49,1564,451,305,332
370,50,4630,518,509,194
371,13,1059,313,118,80
371,32,900,318,104,79
371,49,1625,446,311,337
371,50,4827,516,507,193
372,13,1059,313,119,81
372,32,899,318,105,79
372,49,1687,441,316,343
372,50,5024,514,505,192
373,13,1059,313,119,81
373,32,899,318,105,79
373,49,1748,435,322,350
373,50,5221,512,503,192
374,13,1059,313,119,81
374,32,899,318,105,79
374,49,1810,430,327,355
374,50,5418,511,501,190
375,13,1059,313,119,81
375,32,899,318,105,79
375,49,1872,425,332,361
375,50,5615,509,499,189
376,13,1058,312,121,82
376,32,899,318,105,79
376,49,1933,420,338,367
376,50,5812,507,496,188
377,13,1058,312,121,82
377,32,899,318,105,79
377,49,1995,415,343,372
377,50,6009,505,494,188
378,13,1059,313,119,81
378,32,899,318,105,79
378,49,2057,409,348,379
378,50,6206,503,492,187
379,13,1058,313,120,81
379,32,899,318,105,79
379,50,6403,501,490,186
380,13,1058,313,120,81
380,32,899,318,105,79
380,50,6600,499,488,186
381,13,1058,312,120,82
381,32,899,318,105,79
381,50,6797,497,486,185
382,13,1060,313,118,81
382,32,899,318,105,79
382,50,6994,495,484,184
383,13,1063,315,118,80
383,32,901,320,104,78
383,50,7191,493,482,183
384,13,1065,316,116,79
384,32,901,320,106,79
384,50,7388,491,480,183
385,13,1066,316,117,79
385,32,901,321,108,79
386,13,1066,316,118,79
386,32,901,321,110,81
387,13,1067,316,120,80
387,32,902,321,109,82
388,13,1069,317,119,80
388,32,904,322,111,83
389,13,1072,318,119,79
389,32,906,325,110,82
390,13,1072,320,121,80
390,32,908,325,111,83
391,13,1073,320,123,82
391,32,908,326,114,85
392,13,1076,320,124,83
392,32,910,328,113,84
393,13,1078,321,126,85
393,32,911,330,115,85
394,13,1080,322,126,85
394,32,912,331,117,87
395,13,1084,325,125,83
395,32,915,332,117,88
396,13,1088,327,124,82
396,32,917,334,120,89
397,13,1091,327,127,84
397,32,918,335,122,92
398,13,1095,329,129,85
398,32,921,336,124,94
399,13,1100,330,130,85
399,32,922,339,126,94
400,13,1103,330,134,87
400,32,925,341,128,96
401,13,1108,332,134,87
401,32,927,342,131,99
402,13,1111,331,140,91
402,32,930,345,134,100
403,13,1116,333,143,92
403,32,934,347,138,102
404,13,1124,336,144,92
404,32,938,350,140,104
405,13,1131,337,148,95
405,32,943,354,142,105
406,13,1140,340,149,94
406,32,946,357,145,108
407,13,1149,342,153,95
407,32,950,360,152,112
408,13,1159,344,156,95
408,32,958,366,154,113
409,13,1170,345,161,97
409,32,963,368,161,119
410,13,1182,346,167,99
410,32,970,374,164,120
411,13,1195,348,174,101
411,32,978,378,169,123
412,13,1210,350,180,103
412,32,986,383,174,127
413,13,1225,351,188,106
413,32,995,390,180,130
414,13,1240,353,198,108
414,32,1004,395,189,136
415,13,1258,355,206,110
415,32,1016,402,197,141
416,13,1283,359,210,110
416,32,1028,408,206,147
417,13,1305,361,220,113
417,32,1040,416,217,153
418,13,1332,365,229,114
418,32,1054,425,227,161
419,13,1359,368,236,116
419,32,1068,432,243,171
420,13,1387,371,244,116
420,32,1086,444,256,179
421,13,1417,373,258,120
421,32,1104,456,272,191
422,13,1449,377,269,123
422,32,1126,469,289,202
423,13,1488,383,276,123
423,32,1152,485,304,212
424,13,1528,387,285,124
424,32,1180,504,324,224
425,13,1569,391,296,126
425,32,1212,524,346,237
426,13,1599,394,308,132
426,32,1246,545,372,254
427,13,1626,397,314,136
427,32,1288,570,399,271
428,13,1666,402,288,127
428,32,1335,598,427,287
429,13,1703,406,266,122
429,32,1387,629,462,306
430,13,1742,413,242,117
430,32,1421,660,495,332
431,13,1771,417,242,117
431,32,1449,694,523,359
432,13,1799,421,242,117
432,32,1507,733,488,346
433,13,1828,425,242,116
433,32,1593,787,405,298
434,13,1857,428,241,117
434,32,1622,807,413,304
435,13,1886,432,241,116
435,32,1652,827,421,310
435,53,17,634,77,150
436,13,1914,436,241,116
436,32,1681,847,429,316
436,53,22,631,79,156
437,13,1943,439,241,116
437,32,1711,868,437,322
437,53,27,629,82,161
438,13,1972,443,240,116
438,32,1740,888,445,328
438,53,32,627,85,166
439,13,2001,447,240,116
439,32,1769,908,454,334
439,53,37,624,88,172
439,55,23,581,200,270
440,13,2029,450,241,116
440,32,1799,929,461,339
440,53,42,622,91,177
440,55,37,580,209,278
441,13,2058,454,240,116
441,32,1828,949,470,345
441,53,47,619,93,183
441,55,52,580,221,287
442,13,2087,458,240,115
442,32,1858,969,477,352
442,53,52,617,96,188
442,55,67,581,236,296
443,13,2115,461,240,116
443,32,1887,989,486,358
443,53,57,614,99,194
443,55,81,582,256,308
444,13,2144,465,240,116
444,32,1917,1010,493,363
444,53,63,612,101,199
444,55,92,585,276,317
445,13,2173,469,239,115
445,32,1946,1030,502,369
445,53,68,609,104,204
445,55,106,592,298,324
446,13,2202,472,239,116
446,32,1975,1050,510,375
446,53,73,607,107,209
446,55,118,596,327,336
447,13,2230,476,239,115
447,32,2005,1071,517,381
447,53,78,605,109,214
447,55,144,602,355,347
448,13,2259,480,239,115
448,32,2034,1091,526,387
448,53,83,602,112,220
448,55,178,608,384,359
449,13,2288,484,239,114
449,32,2064,1111,533,393
449,53,88,600,115,225
449,55,213,616,416,373
450,13,2317,487,238,115
450,32,2093,1131,542,399
450,53,93,597,118,231
450,55,251,624,447,387
451,13,2345,491,239,115
451,32,2123,1152,549,404
451,53,98,595,121,236
451,55,298,637,472,397
452,13,2374,495,238,114
452,32,2152,1172,558,411
452,53,103,592,123,242
452,55,345,650,501,409
453,13,2403,498,238,115
453,32,2181,1192,566,417
453,53,108,590,126,247
453,55,397,658,526,418
454,13,2432,502,237,114
454,32,2211,1213,574,422
454,53,113,588,129,252
454,55,464,674,530,406
455,13,2460,506,238,114
455,32,2240,1233,582,428
455,53,118,585,132,258
455,55,538,691,530,390
456,13,2489,509,237,115
456,32,2270,1253,590,434
456,53,123,583,135,263
456,55,614,704,536,376
457,13,2518,513,237,114
457,32,2299,1273,598,441
457,53,128,580,137,269
457,55,700,724,534,356
458,13,2547,517,236,114
458,32,2329,1294,606,446
458,53,133,578,140,274
458,55,785,746,530,334
459,13,2575,520,237,114
459,32,2358,1314,614,452
459,53,138,575,143,280
459,55,872,772,516,304
460,13,2604,524,237,114
460,32,2387,1334,622,458
460,53,143,573,146,285
460,55,949,797,506,281
461,32,2417,1355,630,463
461,53,148,571,149,290
461,55,1041,827,480,249
462,32,2446,1375,638,470
462,53,153,568,151,296
462,55,1150,860,448,217
463,32,2476,1395,646,476
463,53,159,566,153,301
463,55,1234,880,417,202
464,53,164,563,156,307
464,55,1318,899,386,187
465,53,169,561,159,312
465,55,1402,919,355,172
466,55,1485,939,325,157
467,55,1569,958,294,142
468,55,1653,978,263,127
469,55,1737,997,232,113
470,55,1821,1017,201,97
471,55,1905,1036,170,83
472,55,1988,1056,140,68
473,55,2072,1076,109,52
474,55,2156,1095,78,38
475,55,2240,1115,47,23
476,55,2324,1134,16,8
477,55,2408,1154,-15,-7
478,55,2491,1174,-45,-22
479,55,2575,1193,-76,-37
480,55,2659,1213,-107,-52
481,55,2743,1232,-138,-66
482,55,2827,1252,-169,-82
482,56,4,474,65,105
483,55,2911,1271,-200,-96
483,56,6,473,67,107
484,55,2994,1291,-229,-111
484,56,8,472,68,109
485,55,3078,1311,-260,-127
485,56,9,472,70,111
486,55,3162,1330,-291,-141
486,56,9,472,73,113
487,55,3246,1350,-322,-156
487,56,10,471,75,115
488,55,3330,1369,-353,-171
488,56,9,469,79,119
489,55,3413,1389,-383,-186
489,56,8,468,82,121
490,55,3497,1409,-414,-201
490,56,8,468,83,120
491,55,3581,1428,-445,-216
491,56,7,468,84,120
492,55,3665,1448,-476,-231
492,56,6,468,87,121
493,56,6,468,87,122
494,56,5,468,88,120
495,56,5,468,89,121
496,56,5,468,89,121
497,56,4,468,91,121
498,56,4,468,91,121
499,56,3,468,93,121
500,56,3,468,93,121
501,56,3,468,93,121
502,56,2,468,94,121
503,56,2,468,94,121
504,56,2,468,95,121
505,56,1,468,96,121
506,56,1,467,96,122
507,56,1,467,96,122
508,56,1,467,96,122
509,56,0,467,98,122
510,56,0,467,98,122
511,56,1,468,96,121
512,56,1,468,96,121
513,56,1,468,97,121
514,56,1,468,97,121
514,57,972,230,50,38
515,56,0,469,98,120
515,57,970,232,48,36
516,56,0,468,98,121
516,57,968,232,49,36
517,56,0,468,98,121
517,57,967,232,48,36
517,58,1822,469,71,131
518,56,0,468,98,121
518,57,966,232,48,36
518,58,1797,454,85,152
519,56,0,467,98,122
519,57,964,233,48,35
519,58,1775,440,93,158
520,56,0,467,98,122
520,57,963,233,48,35
520,58,1755,430,99,155
521,56,0,467,98,122
521,57,961,233,48,35
521,58,1735,420,107,151
522,56,0,467,98,122
522,57,960,233,48,36
522,58,1714,410,115,144
523,56,0,467,98,122
523,57,946,237,50,37
523,58,1680,401,123,139
524,56,0,467,98,122
524,57,944,238,49,37
524,58,1644,395,129,133
525,56,0,467,98,122
525,57,941,237,51,38
525,58,1609,388,135,129
526,56,0,467,98,122
526,57,938,237,53,40
526,58,1576,380,140,125
527,56,0,467,99,122
527,57,934,238,54,40
527,58,1544,373,144,122
528,56,0,467,99,122
528,57,933,240,52,39
528,58,1515,368,147,118
529,56,0,467,99,123
529,57,930,239,53,40
529,58,1489,364,148,113
530,56,0,466,99,124
530,57,927,240,54,40
530,58,1462,360,148,107
531,56,0,466,99,124
531,57,924,240,54,41
531,58,1438,354,150,106
532,56,0,467,98,122
532,57,922,240,54,42
532,58,1416,349,150,104
533,56,0,467,98,122
533,57,918,241,55,42
533,58,1395,344,149,101
534,56,0,467,98,122
534,57,915,241,56,43
534,58,1375,341,148,98
534,61,1742,405,158,209
535,56,0,467,99,122
535,57,912,241,57,44
535,58,1357,338,147,94
535,61,1722,395,159,206
536,56,0,468,99,121
536,57,910,242,56,44
536,58,1340,334,144,92
536,61,1704,387,158,196
537,56,0,468,99,122
537,57,908,243,56,44
537,58,1324,330,143,90
537,61,1685,377,161,190
538,56,0,468,99,122
538,57,906,243,56,44
538,58,1307,327,140,88
538,61,1656,367,166,183
539,56,0,468,99,122
539,57,903,243,56,45
539,58,1292,324,139,86
539,61,1621,361,167,173
540,56,0,467,98,122
540,57,899,244,57,45
540,58,1279,321,136,84
540,61,1583,352,172,169
541,56,0,467,98,122
541,57,898,245,56,44
541,58,1266,319,134,82
541,61,1547,347,176,163
542,56,0,467,98,122
542,57,894,244,58,46
542,58,1252,315,134,82
542,61,1512,342,177,157
543,56,0,467,98,121
543,57,893,244,59,47
543,58,1241,313,130,79
543,61,1482,339,176,148
544,56,0,467,98,121
544,57,890,246,60,48
544,58,1230,310,126,77
544,61,1453,335,175,143
545,56,0,468,98,120
545,57,888,246,60,49
545,58,1221,308,123,75
545,61,1425,328,178,141
546,56,0,468,98,120
546,57,885,247,61,49
546,58,1209,304,123,75
546,61,1399,322,180,138
547,56,0,468,98,120
547,57,883,248,60,49
547,58,1200,301,120,75
547,61,1377,318,178,134
548,56,0,467,98,121
548,57,881,249,60,48
548,58,1192,300,116,71
548,61,1354,313,178,132
549,56,0,467,98,121
549,57,879,249,60,49
549,58,1184,298,112,69
549,61,1335,310,176,128
550,56,0,467,98,121
550,57,877,250,61,48
550,58,1179,297,109,67
550,61,1315,306,175,126
550,64,941,238,45,34
551,56,0,466,98,122
551,57,876,252,60,47
551,58,1171,296,103,64
551,61,1300,305,170,122
551,64,937,240,44,34
551,65,1791,440,109,146
552,56,0,467,98,121
552,57,873,253,62,49
552,58,1164,296,100,62
552,61,1286,307,162,113
552,64,935,241,44,34
552,65,1772,430,113,147
553,56,0,467,97,121
553,57,871,253,64,50
553,58,1156,293,99,62
553,61,1271,305,158,110
553,64,932,240,45,35
553,65,1752,421,117,144
554,56,0,468,98,120
554,57,869,253,65,52
554,58,1147,287,102,64
554,61,1257,302,156,108
554,64,930,241,46,35
554,65,1733,410,121,141
555,56,0,468,98,120
555,57,867,253,66,54
555,58,1142,286,96,61
555,61,1245,300,152,104
555,64,928,242,46,35
555,65,1707,400,128,139
556,56,0,469,98,119
556,57,866,256,66,53
556,58,1136,283,95,61
556,61,1231,298,151,103
556,64,925,242,47,36
556,65,1678,394,131,132
557,56,0,469,98,119
557,57,865,257,66,54
557,58,1132,283,92,59
557,61,1220,297,147,99
557,64,924,245,45,34
557,65,1643,387,135,127
558,56,0,469,98,119
558,57,863,258,67,55
558,58,1128,282,90,58
558,61,1210,294,142,96
558,64,922,246,45,34
558,65,1608,377,141,126
559,56,0,469,98,119
559,57,861,259,67,55
559,58,1121,280,90,57
559,61,1198,292,140,93
559,64,920,247,45,34
559,65,1573,366,149,126
560,56,0,469,98,119
560,57,859,260,68,55
560,58,1117,278,87,57
560,61,1187,288,139,93
560,64,917,247,45,35
560,65,1547,364,146,119
561,56,0,469,98,119
561,57,856,260,70,57
561,58,1113,276,84,55
561,61,1179,287,136,91
561,64,915,248,45,35
561,65,1520,362,144,112
562,56,0,469,98,119
562,57,854,261,70,57
562,58,1110,276,80,52
562,61,1171,284,132,89
562,64,913,249,45,35
562,65,1495,357,145,108
563,56,0,469,98,119
563,57,852,262,71,57
563,58,1106,275,77,51
563,61,1164,283,128,86
563,64,911,250,45,35
563,65,1469,352,147,106
564,56,0,469,98,119
564,57,850,263,71,58
564,58,1102,272,78,52
564,61,1155,280,128,86
564,64,909,251,45,34
564,65,1446,349,147,102
565,56,0,469,98,119
565,57,855,264,71,59
565,58,1099,270,75,51
565,61,1149,280,122,83
565,64,906,251,46,35
565,65,1426,345,144,98
566,56,0,469,98,119
566,57,853,265,72,60
566,58,1097,268,73,50
566,61,1138,278,118,80
566,64,904,252,46,35
566,65,1407,342,142,94
567,56,0,469,98,119
567,57,853,264,74,62
567,58,1094,269,72,48
567,61,1127,276,115,77
567,64,902,253,46,35
567,65,1386,336,145,95
568,56,0,469,98,119
568,57,852,265,75,62
568,58,1089,267,70,48
568,61,1116,274,111,74
568,64,900,254,46,35
568,65,1369,334,144,92
569,56,0,469,98,119
569,57,852,265,76,64
569,58,1084,265,69,47
569,61,1105,271,108,73
569,64,897,255,46,35
569,65,1351,331,142,90
570,56,0,469,98,119
570,57,850,265,77,66
570,58,1079,264,67,45
570,61,1095,269,103,70
570,64,895,255,46,36
570,65,1336,328,139,87
570,66,1823,431,70,155
571,56,0,469,98,119
571,57,849,266,78,66
571,58,1074,262,65,45
571,61,1084,267,99,67
571,64,893,256,46,36
571,65,1320,325,138,85
571,66,1797,414,81,176
572,56,0,468,99,121
572,57,847,267,79,67
572,58,1069,260,64,44
572,61,1073,265,96,65
572,64,891,257,46,35
572,65,1306,323,135,83
572,66,1774,400,90,180
573,56,0,468,99,121
573,57,852,268,78,67
573,58,1064,259,62,42
573,61,1062,263,92,62
573,64,888,258,47,35
573,65,1293,321,134,81
573,66,1752,390,97,178
574,56,0,468,99,121
574,57,851,269,79,68
574,58,1059,257,61,42
574,61,1051,261,89,59
574,64,886,258,47,36
574,65,1280,319,132,80
574,66,1731,381,105,172
575,56,0,467,98,123
575,57,850,270,80,68
575,58,1054,256,59,40
575,61,1087,262,105,72
575,64,884,259,47,36
575,65,1268,317,130,79
575,66,1705,372,114,167
576,56,0,467,98,122
576,57,849,270,81,70
576,58,1049,254,58,39
576,61,1083,262,101,69
576,64,882,260,47,36
576,65,1255,312,129,78
576,66,1669,363,123,162
577,56,0,467,98,122
577,57,848,271,82,70
577,58,1044,252,56,39
577,61,1076,260,99,68
577,64,880,261,46,36
577,65,1243,308,128,77
577,66,1633,356,130,157
578,56,0,467,98,122
578,57,847,272,83,71
578,58,1039,251,55,37
578,61,1069,258,97,67
578,64,877,262,47,36
578,65,1233,307,123,74
578,66,1598,351,136,151
579,56,0,467,98,122
579,57,847,273,83,72
579,58,1034,249,53,36
579,61,1062,257,95,65
579,64,875,262,47,37
579,65,1222,306,119,72
579,66,1565,346,140,145
580,56,0,467,98,121
580,57,846,273,84,73
580,58,1029,248,52,35
580,61,1055,255,92,63
580,64,873,263,47,36
580,65,1212,305,117,71
580,66,1534,342,144,140
581,56,0,467,98,121
581,57,845,277,89,77
581,58,1024,246,50,34
581,61,1048,253,90,62
581,64,871,264,47,36
581,65,1202,300,117,71
581,66,1505,335,147,136
582,56,0,468,98,120
582,57,844,278,90,78
582,58,1019,244,48,33
582,61,1042,251,87,61
582,64,868,265,48,36
582,65,1194,298,114,70
582,66,1477,332,149,130
583,56,0,468,98,120
583,57,843,279,91,79
583,58,1014,243,47,32
583,61,1035,250,85,59
583,64,866,266,48,36
583,65,1186,297,110,67
583,66,1451,327,152,128
584,56,0,468,98,120
584,57,838,283,91,78
584,58,1009,241,45,31
584,61,1028,248,83,58
584,64,864,266,48,37
584,65,1180,296,107,65
584,66,1427,322,155,126
585,56,0,469,98,119
585,57,835,285,91,78
585,58,1004,240,44,29
585,61,1021,246,81,56
585,64,862,267,48,37
585,65,1172,295,103,63
585,66,1405,318,154,122
586,56,0,468,98,120
586,57,831,284,95,81
586,58,999,238,42,29
586,61,1014,245,79,54
586,64,859,268,48,37
586,65,1165,295,99,60
586,66,1385,316,153,117
587,56,0,468,98,120
587,57,826,285,96,82
587,58,994,236,41,28
587,61,1007,243,77,53
587,64,857,269,48,37
587,65,1158,293,96,58
587,66,1365,313,152,115
588,56,0,468,98,120
588,57,823,286,99,84
588,58,989,235,39,27
588,61,1000,241,75,52
588,65,1147,288,102,62
588,66,1347,310,151,112
589,56,0,468,98,121
589,57,817,286,103,87
589,58,984,233,38,26
589,61,993,239,72,50
589,65,1139,284,103,64
589,66,1329,307,151,109
589,67,1806,407,80,165
590,56,0,469,98,120
590,57,814,286,105,89
590,58,979,232,36,24
590,61,986,238,70,48
590,65,1133,281,102,64
590,66,1314,306,149,106
590,67,1775,392,101,202
591,56,0,469,98,120
591,57,804,290,106,88
591,58,974,230,35,24
591,61,979,236,68,47
591,65,1128,280,99,63
591,66,1299,303,149,106
591,67,1751,379,110,209
592,56,0,469,99,120
592,57,801,291,107,90
592,58,969,228,33,23
592,61,972,234,66,46
592,65,1124,280,95,60
592,66,1284,301,145,103
592,67,1728,368,119,207
593,56,0,469,99,120
593,57,786,290,115,94
593,58,964,227,31,21
593,61,965,232,64,45
593,65,1120,280,90,57
593,66,1271,300,143,100
593,67,1710,355,125,219
594,56,0,469,99,121
594,57,775,291,119,97
594,58,959,225,30,21
594,61,958,231,62,42
594,65,1116,278,89,58
594,66,1261,299,137,95
594,67,1691,342,131,230
594,69,874,267,57,56
595,56,0,469,99,121
595,57,764,294,122,97
595,58,954,223,28,20
595,61,951,229,60,41
595,65,1112,276,86,56
595,66,1249,297,136,93
595,67,1672,330,138,241
595,69,874,268,58,57
596,56,0,468,99,121
596,57,750,295,127,99
596,58,949,222,27,18
596,61,944,227,58,40
596,65,1110,277,81,53
596,66,1235,293,137,94
596,67,1654,317,144,252
596,69,874,270,56,55
597,56,0,468,99,121
597,57,737,297,130,100
597,58,944,220,25,18
597,61,937,225,56,39
597,65,1103,273,82,54
597,66,1225,291,134,92
597,67,1635,304,150,264
597,69,873,271,59,56
598,56,0,468,98,121
598,57,721,300,135,102
598,61,930,224,53,36
598,65,1097,269,85,57
598,66,1215,290,131,90
598,67,1617,292,156,274
598,69,872,272,61,58
599,56,0,468,99,121
599,57,704,302,140,104
599,61,923,222,51,35
599,65,1090,266,84,57
599,66,1205,288,130,89
599,67,1598,279,163,286
599,69,869,272,65,62
599,70,1455,327,275,157
600,56,0,468,98,120
600,57,687,305,144,104
600,61,916,220,49,34
600,65,1083,264,84,57
600,66,1196,286,127,87
600,67,1579,266,170,297
600,69,867,273,66,63
600,70,1430,320,268,153
601,56,0,468,98,120
601,57,667,306,150,106
601,61,909,219,47,32
601,65,1077,262,82,56
601,66,1188,284,124,84
601,67,1561,253,175,309
601,69,865,273,68,64
601,70,1408,316,256,147
602,56,0,468,99,120
602,57,645,308,157,109
602,61,902,217,45,31
602,65,1070,260,82,55
602,66,1181,283,120,82
602,67,1542,241,182,319
602,69,864,272,70,67
602,70,1391,315,241,138
603,56,0,468,99,120
603,57,623,310,160,109
603,61,895,215,43,29
603,65,1063,258,82,54
603,66,1174,281,118,82
603,67,1523,228,189,331
603,69,863,274,71,67
603,70,1373,311,233,134
604,56,0,468,99,120
604,57,599,313,167,110
604,61,888,213,41,28
604,65,1057,255,80,55
604,66,1168,281,115,79
604,67,1505,215,195,342
604,69,862,274,73,69
604,70,1354,307,225,130
605,56,0,467,99,121
605,57,572,315,172,111
605,61,881,212,39,26
605,65,1087,268,64,43
605,66,1160,279,114,78
605,67,1486,203,201,353
605,69,861,275,74,70
605,70,1335,303,218,126
606,56,0,467,99,121
606,57,543,318,179,111
606,61,875,210,35,25
606,65,1087,269,60,41
606,66,1154,279,109,74
606,67,1467,190,208,364
606,69,860,276,75,71
606,70,1317,300,216,126
607,56,0,467,99,121
607,57,514,322,183,110
607,65,1086,268,59,41
607,66,1147,275,110,76
607,67,1449,177,214,376
607,69,860,279,74,70
607,70,1298,297,209,122
608,56,0,467,99,121
608,57,482,323,192,113
608,65,1083,268,57,39
608,66,1142,272,109,77
608,67,1430,165,221,386
608,69,856,277,80,76
608,70,1279,293,203,118
609,56,0,467,99,121
609,57,449,326,198,113
609,65,1081,262,62,43
609,66,1138,272,104,75
609,67,1411,152,227,398
609,69,855,279,80,76
609,70,1261,290,196,114
610,56,0,467,99,121
610,57,413,328,208,116
610,65,1079,261,60,42
610,66,1132,271,102,73
610,67,1393,139,233,409
610,69,853,279,82,78
610,70,1242,286,190,111
611,56,0,467,99,121
611,57,376,330,216,117
611,65,1076,260,59,41
611,66,1125,268,103,74
611,67,1374,126,240,421
611,69,850,279,85,80
611,70,1223,283,183,106
612,56,0,467,99,121
612,57,340,332,221,117
612,65,1073,258,59,42
612,66,1123,269,96,70
612,67,1355,114,246,431
612,69,848,280,86,82
612,70,1204,279,177,103
613,56,0,467,99,121
613,57,301,336,226,117
613,65,1070,257,58,41
613,66,1118,267,95,69
613,67,1337,101,252,443
613,69,847,282,85,82
613,70,1185,275,171,100
614,56,0,467,99,121
614,57,261,339,232,117
614,65,1067,256,57,40
614,66,1115,267,91,66
614,67,1318,88,259,454
614,69,843,283,88,83
614,70,1167,272,163,95
615,56,0,467,99,122
615,57,219,341,241,120
615,65,1065,254,56,40
615,66,1112,267,87,63
615,67,1299,76,266,465
615,69,839,286,89,83
615,70,1148,268,157,92
616,56,0,467,100,122
616,57,176,344,249,121
616,65,1062,253,55,39
616,66,1110,269,82,61
616,67,1281,63,271,476
616,69,835,288,91,84
616,70,1129,265,151,87
617,56,0,467,101,123
617,57,131,344,257,124
617,65,1059,252,54,38
617,66,1105,267,82,60
617,67,1262,50,278,488
617,69,831,291,90,83
617,70,1110,261,145,84
618,56,0,467,101,123
618,57,85,347,266,125
618,65,1056,250,54,38
618,66,1100,266,79,59
618,67,1243,37,285,500
618,69,824,294,93,84
618,70,1091,257,138,81
619,56,1,469,99,122
619,57,40,349,269,126
619,65,1053,249,53,37
619,66,1094,265,77,57
619,67,1225,25,291,510
619,69,817,294,96,87
619,70,1073,254,131,76
620,56,2,474,97,117
620,57,3,352,270,126
620,65,1051,248,51,36
620,66,1089,264,74,55
620,67,1206,12,297,522
620,69,807,297,98,87
620,70,1054,250,125,73
621,56,1,469,101,122
621,57,-17,354,257,122
621,65,1048,246,50,36
621,66,1083,263,73,54
621,67,1187,0,304,532
621,69,798,298,102,88
621,70,1035,247,118,69
622,56,1,469,101,122
622,57,-31,358,239,116
622,65,1045,245,50,35
622,66,1077,262,71,52
622,67,1169,-12,310,543
622,69,787,298,107,93
622,70,1016,243,112,65
623,56,3,471,100,120
623,57,-47,362,227,114
623,65,1042,244,49,34
623,66,1072,261,68,50
623,69,775,298,112,95
623,70,998,240,105,61
624,56,3,473,100,118
624,57,-65,364,217,117
624,65,1040,242,47,34
624,66,1085,260,74,54
624,69,762,300,116,96
624,70,979,236,99,58
625,56,2,473,101,118
625,57,-93,367,217,116
625,65,1037,241,47,33
625,66,1081,258,72,54
625,69,749,303,117,95
625,70,960,232,92,54
626,56,2,469,103,122
626,57,-122,370,217,116
626,65,1034,240,46,32
626,66,1077,257,71,53
626,69,733,306,121,95
626,70,941,229,86,50
627,56,0,466,107,125
627,57,-151,372,217,116
627,65,1031,238,45,32
627,66,1073,256,70,52
627,69,725,308,123,96
627,70,691,308,168,99
628,56,0,463,109,128
628,57,-180,375,217,116
628,65,1028,237,45,31
628,66,1069,255,68,51
628,69,718,309,124,98
628,70,669,310,165,99
629,56,0,461,110,130
629,57,-208,378,216,115
629,65,1026,236,43,30
629,66,1074,254,67,51
629,69,710,311,126,98
629,70,648,312,167,99
629,76,1120,263,109,77
630,56,-1,457,113,134
630,57,-237,380,217,116
630,65,1023,234,42,30
630,66,1074,256,61,47
630,69,703,312,127,100
630,70,627,314,171,101
630,76,1116,263,106,74
631,56,-1,455,114,137
631,57,-266,383,217,115
631,65,1020,233,42,29
631,66,1071,256,60,46
631,69,696,314,128,101
631,70,606,318,172,100
631,76,1112,262,104,73
632,56,-1,452,116,139
632,57,-295,385,217,116
632,65,1017,232,41,28
632,66,1068,255,58,45
632,69,688,315,130,102
632,70,580,320,179,102
632,76,1106,261,103,73
633,56,-1,451,117,140
633,57,-323,388,217,115
633,65,1014,230,40,28
633,66,1065,254,57,44
633,69,681,317,131,103
633,70,555,323,182,102
633,76,1103,260,100,72
634,56,-1,449,119,142
634,57,-352,391,217,115
634,65,1012,229,39,27
634,66,1062,253,55,43
634,69,673,319,133,104
634,70,528,324,189,105
634,76,1099,259,99,71
635,56,-1,448,120,144
635,57,-381,393,217,116
635,65,1009,228,38,27
635,66,1059,253,54,41
635,69,666,320,134,105
635,70,499,327,193,105
635,76,1097,258,96,70
636,56,0,447,120,144
636,57,-410,396,217,115
636,65,946,236,49,36
636,66,1057,252,51,40
636,69,658,322,136,106
636,70,464,328,202,109
636,76,1093,257,95,69
637,56,0,446,121,145
637,57,-438,398,216,116
637,65,941,236,49,35
637,66,1054,251,50,39
637,69,651,323,137,108
637,70,432,331,205,109
637,76,1089,256,94,68
638,56,0,443,123,148
638,57,-467,401,216,115
638,65,935,235,49,35
638,66,1051,251,48,37
638,69,644,325,138,109
638,70,397,333,211,112
638,76,1085,255,93,67
639,56,0,443,124,147
639,57,-496,404,216,115
639,65,930,234,49,35
639,66,1048,250,47,36
639,69,636,326,140,110
639,70,360,335,216,113
639,76,1081,254,92,66
640,56,1,442,125,148
640,57,-525,406,216,115
640,65,925,233,48,35
640,66,1045,249,45,35
640,69,629,328,141,111
640,70,320,339,219,113
640,76,1084,252,90,66
641,56,2,443,126,147
641,57,-553,409,216,115
641,65,920,232,48,35
641,66,1042,248,44,34
641,69,621,329,143,113
641,70,281,342,223,113
641,76,1083,252,86,65
642,56,5,444,125,146
642,57,-582,411,216,115
642,65,915,231,47,34
642,66,1039,248,42,32
642,69,614,331,144,113
642,70,238,344,228,115
642,76,1083,253,81,62
643,56,6,444,127,146
643,57,-611,414,216,115
643,65,909,230,48,34
643,66,1037,247,40,31
643,69,607,333,145,114
643,70,192,346,234,117
643,76,1080,253,80,60
644,56,6,443,129,148
644,57,-640,417,216,114
644,65,904,229,47,34
644,66,1034,246,38,30
644,69,599,334,147,116
644,70,146,350,238,117
644,76,1081,252,76,59
645,56,6,443,131,148
645,57,-668,419,215,115
645,65,899,228,47,34
645,66,1031,246,37,28
645,69,592,336,148,116
645,70,98,352,242,119
645,76,1080,251,75,58
646,56,6,442,134,149
646,57,-697,422,215,115
646,65,894,227,46,34
646,66,1028,245,35,27
646,69,584,337,150,118
646,70,48,354,248,121
646,76,1078,250,74,58
647,56,6,440,137,151
647,57,-726,424,215,115
647,65,889,226,46,34
647,66,1025,244,34,26
647,69,577,339,151,119
647,70,7,358,241,118
647,76,1078,252,70,54
648,56,7,441,138,150
648,57,-755,427,215,115
648,65,883,225,46,33
648,66,1022,243,32,25
648,69,569,340,153,120
648,70,-16,362,225,111
648,76,1077,251,69,55
649,56,8,442,139,149
649,57,-784,430,216,114
649,65,878,224,46,33
649,66,1019,243,31,23
649,69,562,342,154,121
649,70,-37,366,213,110
649,76,1076,251,69,53
650,56,9,443,140,149
650,57,-812,432,215,115
650,65,873,223,45,33
650,66,1017,242,28,22
650,69,555,344,155,122
650,70,-55,368,200,108
650,76,1074,249,69,54
651,56,9,440,144,151
651,57,-841,435,215,114
651,65,868,222,45,33
651,66,1014,241,27,21
651,69,547,345,157,124
651,70,-89,371,199,107
651,76,1073,248,68,54
652,56,8,434,150,155
652,57,-870,438,215,114
652,65,863,221,44,33
652,66,1011,241,26,19
652,69,540,347,158,124
652,70,-122,373,198,107
652,76,1072,247,67,53
652,80,1790,428,101,155
653,56,9,434,151,155
653,57,-899,440,215,114
653,65,857,220,45,32
653,66,1008,240,24,18
653,69,532,348,160,126
653,70,-156,376,197,106
653,76,1072,247,66,52
653,80,1764,413,106,156
654,56,9,435,155,155
654,57,-927,443,214,114
654,65,852,220,44,31
654,66,1005,239,23,17
654,69,525,350,161,127
654,70,-189,379,196,105
654,76,1071,246,65,52
654,80,1738,398,113,156
655,56,10,435,157,155
655,65,847,219,44,31
655,66,898,240,58,46
655,69,518,351,162,128
655,70,-223,381,196,105
655,76,1069,241,70,56
655,80,1701,388,116,149
656,56,11,434,159,156
656,65,842,218,43,31
656,66,893,241,59,46
656,69,510,353,164,129
656,70,-256,384,194,104
656,76,1067,239,70,57
656,80,1658,379,118,141
657,56,12,435,161,155
657,65,837,217,43,31
657,66,886,240,59,47
657,70,-290,386,194,104
657,76,1066,238,69,57
657,80,1616,369,122,136
658,56,12,436,164,154
658,65,831,216,43,31
658,66,887,242,61,49
658,70,-323,389,192,103
658,76,1064,237,69,56
658,80,1575,360,126,132
659,56,12,435,167,155
659,65,826,215,43,30
659,66,885,243,61,49
659,70,-357,392,192,102
659,76,1063,236,69,56
659,80,1539,356,125,125
660,56,12,434,170,156
660,65,821,214,42,30
660,66,883,244,61,50
660,70,-390,394,190,102
660,76,1061,235,69,56
660,80,1506,350,128,121
661,56,14,436,172,153
661,65,816,213,42,30
661,66,881,245,61,51
661,70,-424,397,190,101
661,76,1060,233,68,56
661,80,1474,343,130,117
662,56,13,433,177,156
662,65,811,212,41,30
662,66,880,246,61,50
662,70,-457,399,188,101
662,76,1058,232,68,56
662,80,1447,339,128,111
663,56,14,434,179,155
663,65,806,211,40,30
663,66,879,248,60,49
663,70,-491,402,187,100
663,76,1056,231,69,56
663,80,1421,336,126,105
664,56,15,435,182,154
664,65,800,210,41,30
664,66,874,248,61,49
664,70,-524,405,186,99
664,76,1055,230,68,55
664,80,1395,330,128,103
665,56,15,434,185,155
665,65,795,209,40,29
665,66,876,249,61,50
665,70,-558,407,185,99
665,76,1053,229,68,55
665,80,1374,327,128,101
666,56,15,434,188,155
666,65,790,208,40,29
666,66,872,249,61,50
666,70,-591,410,184,98
666,76,1052,227,67,55
666,80,1352,322,128,99
667,56,15,434,192,155
667,66,873,250,64,53
667,70,-625,412,183,98
667,76,1050,226,68,55
667,80,1333,320,126,94
668,56,15,433,196,156
668,66,869,251,65,53
668,70,-658,415,181,97
668,76,1048,225,68,55
668,80,1315,317,123,91
669,56,15,433,200,157
669,66,870,251,68,56
669,70,-692,418,181,96
669,76,1047,224,67,54
669,80,1299,315,121,88
670,56,15,433,203,157
670,66,867,251,68,57
670,70,-725,420,179,96
670,76,1045,223,68,54
670,80,1283,311,120,87
671,56,15,433,207,157
671,66,868,251,71,60
671,70,-759,423,179,95
671,76,1044,221,67,55
671,80,1267,309,118,84
672,56,15,433,211,158
672,66,867,251,72,61
672,70,-792,425,177,95
672,76,1042,220,67,54
672,80,1253,306,115,81
673,56,15,433,213,157
673,66,866,251,73,62
673,70,-826,428,177,94
673,76,1041,219,66,54
673,80,1240,304,112,78
674,56,14,433,218,157
674,66,867,253,71,62
674,70,-859,431,175,93
674,76,1039,218,67,54
674,80,1227,301,110,77
675,56,13,432,221,158
675,66,866,255,71,62
675,70,-893,433,174,93
675,76,1037,217,67,53
675,80,1215,299,109,75
676,56,14,432,223,158
676,66,866,255,72,63
676,70,-926,436,173,92
676,76,1036,215,66,54
676,80,1204,297,106,73
677,56,14,432,225,158
677,66,864,255,73,65
677,70,-960,439,172,91
677,76,1034,214,66,54
677,80,1193,295,104,71
678,56,13,432,228,158
678,66,866,258,72,64
678,70,-993,441,171,92
678,76,1033,213,66,53
678,80,1185,293,102,69
679,56,12,432,230,157
679,66,865,257,75,67
679,70,-1027,444,170,91
679,76,1031,212,66,53
679,80,1174,289,101,69
680,56,11,432,233,157
680,66,863,258,76,68
680,70,-1060,446,169,91
680,76,1030,211,65,53
680,80,1167,288,98,67
681,56,10,432,236,157
681,66,862,258,77,69
681,76,1028,209,65,53
681,80,1158,286,96,66
681,82,1808,432,89,136
682,56,8,432,240,159
682,66,860,259,78,69
682,76,1026,208,66,53
682,80,1149,284,95,65
682,82,1785,421,96,140
683,56,8,431,241,159
683,66,863,259,80,73
683,76,1025,207,65,53
683,80,1142,282,93,64
683,82,1762,406,102,142
684,56,7,431,243,159
684,66,864,261,79,73
684,76,1023,206,65,52
684,80,1134,279,92,64
684,82,1740,398,108,136
685,56,7,431,243,159
685,66,862,262,81,74
685,76,1022,204,64,53
685,80,1126,277,90,63
685,82,1708,391,113,131
686,56,6,431,245,160
686,66,861,262,82,76
686,80,1123,277,84,59
686,82,1671,383,117,126
687,56,5,431,246,160
687,66,865,265,80,74
687,80,1118,277,82,57
687,82,1633,375,124,123
688,56,5,431,247,160
688,66,864,266,81,74
688,80,1112,275,80,56
688,82,1598,369,128,119
689,56,5,431,247,160
689,66,866,267,82,75
689,80,1108,274,77,54
689,82,1566,365,129,112
690,56,4,431,248,160
690,66,865,268,84,77
690,80,1103,274,74,53
690,82,1534,357,133,111
691,56,4,431,249,160
691,66,865,269,85,78
691,80,1097,269,78,55
691,82,1505,351,136,108
692,56,4,432,248,159
692,66,864,269,86,80
692,80,1095,269,74,53
692,82,1477,347,139,105
693,56,4,432,249,159
693,66,860,266,93,88
693,80,1093,269,72,52
693,82,1453,344,136,100
694,56,3,432,250,159
694,66,859,267,95,89
694,80,1090,269,69,49
694,82,1427,341,137,96
695,56,3,433,250,158
695,66,858,267,95,91
695,80,1087,268,67,50
695,82,1405,337,138,95
696,56,3,433,250,158
696,66,857,268,97,92
696,80,1085,267,64,47
696,82,1384,333,138,93
697,56,3,433,251,158
697,66,856,268,99,94
697,80,1082,264,65,49
697,82,1366,331,137,89
698,56,2,433,252,158
698,66,852,269,99,95
698,80,1080,263,63,48
698,82,1348,328,136,87
699,56,2,433,252,158
699,66,849,269,101,98
699,80,1078,262,63,47
699,82,1330,323,136,87
700,56,2,433,252,158
700,66,847,275,99,94
700,80,1073,260,62,47
700,82,1314,321,134,84
701,56,2,433,252,158
701,66,844,278,99,94
701,80,1069,259,61,46
701,82,1299,319,133,83
702,56,2,432,252,158
702,66,840,281,100,94
702,80,1076,260,55,42
702,82,1286,318,131,81
703,56,2,432,252,158
703,66,834,282,102,95
703,80,1073,257,57,44
703,82,1272,315,129,80
704,56,2,432,253,158
704,66,829,284,103,96
704,80,1070,256,56,43
704,82,1258,312,127,77
705,56,1,431,254,158
705,66,822,287,106,95
705,80,1067,255,55,42
705,82,1245,308,127,77
706,56,1,431,254,158
706,66,814,288,108,97
706,80,1064,253,54,42
706,82,1234,306,124,76
707,56,1,431,254,158
707,66,811,290,109,97
707,80,1061,252,53,40
707,82,1224,304,121,75
708,56,1,431,254,158
708,66,807,292,111,97
708,80,1057,251,52,39
708,82,1212,301,120,74
709,56,1,431,254,158
709,66,804,293,111,99
709,80,1054,249,51,39
709,82,1203,298,118,72
710,56,1,431,254,158
710,66,801,295,112,99
710,80,1068,253,52,40
710,82,1195,296,114,71
711,56,1,431,254,158
711,66,798,296,113,100
711,80,1067,252,51,40
711,82,1187,296,110,68
712,56,1,431,254,158
712,66,794,298,114,101
712,80,1065,252,50,38
712,82,1181,295,105,65
713,56,1,431,254,158
713,66,791,299,115,102
713,80,1064,251,49,38
713,82,1175,295,100,62
713,83,710,298,170,109
714,56,1,431,254,158
714,66,788,301,115,102
714,80,1062,250,48,37
714,82,1167,293,97,61
714,83,691,300,176,111
715,56,1,431,254,158
715,66,785,302,116,104
715,80,1060,249,48,37
715,82,1158,290,99,61
715,83,671,302,180,113
716,56,1,431,254,158
716,66,781,304,118,104
716,80,1059,248,46,36
716,82,1152,288,98,61
716,83,649,303,185,116
717,56,1,431,254,158
717,66,778,306,118,104
717,80,1057,247,46,36
717,82,1144,284,98,62
717,83,627,306,189,116
718,56,1,431,254,158
718,66,775,307,119,106
718,80,1055,246,45,35
718,82,1139,284,95,60
718,83,601,308,195,118
719,56,1,431,254,158
719,66,772,309,120,106
719,80,1054,246,44,33
719,82,1133,282,94,61
719,83,575,311,200,118
720,56,1,431,254,158
720,66,768,310,121,107
720,80,1052,245,43,33
720,82,1129,282,92,59
720,83,547,312,206,120
721,56,1,431,254,158
721,66,765,312,122,108
721,80,1051,244,42,32
721,82,1125,280,89,58
721,83,527,314,209,121
722,56,1,431,254,158
722,66,762,313,122,109
722,80,1073,244,43,35
722,82,1121,280,86,55
722,83,507,315,212,123
723,56,1,432,254,157
723,66,759,315,123,109
723,80,1073,244,43,34
723,82,1118,278,84,55
723,83,488,317,214,124
724,56,1,432,254,157
724,66,755,316,125,111
724,80,1073,243,42,34
724,82,1113,277,82,53
724,83,468,319,217,125
725,56,1,432,254,157
725,66,752,318,125,111
725,80,1073,242,41,34
725,82,1109,274,80,53
725,83,449,320,219,128
726,56,1,433,254,156
726,66,749,320,126,111
726,80,1073,241,41,34
726,82,1104,272,80,53
726,83,429,322,222,129
726,85,315,325,308,126
727,56,1,433,254,156
727,66,745,321,128,113
727,80,1073,241,40,32
727,82,1102,271,79,53
727,83,410,324,224,130
727,85,280,330,305,125
728,56,1,433,254,156
728,66,742,323,128,113
728,80,1073,240,39,32
728,82,1087,253,100,69
728,83,390,326,226,131
728,85,235,330,316,129
729,56,1,432,255,157
729,66,739,324,129,114
729,80,1072,239,40,32
729,82,1084,250,99,71
729,83,370,327,229,133
729,85,196,334,315,128
730,56,1,432,255,157
730,66,736,326,129,115
730,80,1072,238,39,32
730,82,1081,244,102,76
730,83,351,329,231,134
730,85,152,336,322,131
731,56,3,434,253,155
731,66,732,327,131,116
731,80,1072,238,39,30
731,82,1081,242,98,75
731,83,331,331,234,136
731,85,104,341,325,131
732,56,2,434,253,155
732,66,729,329,132,116
732,80,1072,237,38,30
732,82,1075,239,100,76
732,83,312,332,236,138
732,85,70,343,311,125
733,56,2,435,252,154
733,66,726,330,132,117
733,80,1072,236,37,30
733,82,1068,235,102,78
733,83,292,334,239,139
733,85,35,346,300,119
733,86,1763,394,122,187
734,56,2,435,252,154
734,66,723,332,133,118
734,80,1072,235,37,30
734,82,1062,232,104,79
734,83,273,336,241,140
734,85,4,349,293,116
734,86,1744,384,133,202
735,56,2,436,252,154
735,66,719,334,135,118
735,80,1072,235,36,29
735,82,1056,228,106,81
735,83,253,338,244,141
735,85,-26,350,300,120
735,86,1726,373,143,217
736,56,3,438,250,152
736,66,716,335,135,119
736,80,1072,234,35,28
736,82,1050,224,107,82
736,83,233,339,247,143
736,85,-47,352,290,120
736,86,1708,362,152,232
737,56,1,436,255,155
737,80,1072,233,35,28
737,82,1044,221,109,83
737,83,214,341,249,144
737,85,-48,352,244,104
737,86,1690,352,162,246
738,56,1,436,254,155
738,80,1072,232,34,28
738,82,1037,217,111,85
738,83,194,343,252,146
738,85,-78,354,239,102
738,86,1672,341,171,261
739,56,0,434,256,156
739,80,1072,232,33,27
739,82,1031,213,113,87
739,83,175,344,254,148
739,85,-108,356,233,99
739,86,1653,330,182,277
740,56,0,432,257,158
740,80,1072,231,33,27
740,82,1025,210,115,87
740,83,155,346,256,149
740,85,-137,358,227,97
740,86,1635,320,192,291
741,56,0,432,256,158
741,80,1072,230,32,26
741,82,1019,206,116,89
741,83,136,348,258,150
741,85,-167,361,221,94
741,86,1617,309,201,306
741,90,1426,323,245,138
742,56,0,432,256,158
742,80,1085,257,52,42
742,82,1013,202,118,91
742,83,116,350,261,151
742,85,-197,363,216,91
742,86,1599,298,211,321
742,90,1397,318,236,133
743,56,0,432,256,157
743,80,1085,258,53,42
743,82,1006,199,121,92
743,83,96,351,264,153
743,85,-226,365,211,89
743,86,1581,288,220,336
743,90,1376,313,230,130
744,56,0,432,257,157
744,80,1086,259,53,42
744,82,1000,195,122,93
744,83,77,353,266,155
744,85,-256,367,205,87
744,86,1563,277,230,351
744,90,1356,309,223,126
745,56,0,432,257,157
745,80,1087,259,53,43
745,82,994,191,124,95
745,83,57,355,269,156
745,85,-285,369,199,84
745,86,1544,267,240,365
745,90,1320,304,217,123
746,56,0,431,257,158
746,80,1087,260,54,43
746,82,988,188,125,96
746,83,38,356,271,158
746,85,-315,371,194,82
746,86,1526,256,250,380
746,90,1306,301,201,115
747,56,0,431,257,158
747,80,1088,261,54,43
747,82,982,184,127,98
747,83,18,358,274,159
747,85,-345,373,188,79
747,86,1508,245,260,395
747,90,1291,301,189,109
748,56,0,431,257,158
748,80,1088,261,55,44
748,82,975,181,130,98
748,83,0,360,275,160
748,85,-374,375,182,77
748,86,1490,235,269,410
748,90,1269,297,182,104
748,91,1008,229,30,24
749,56,0,431,256,158
749,80,1089,262,55,44
749,82,969,177,131,100
749,83,-20,362,278,161
749,85,-404,377,177,75
749,86,1472,224,279,425
749,90,1256,296,177,103
749,91,1007,228,31,26
750,56,0,431,256,158
750,80,1089,262,56,45
750,82,963,173,133,102
750,83,-39,363,280,163
750,85,-434,379,171,72
750,86,1453,213,289,440
750,90,1236,293,170,98
750,91,1006,228,32,26
751,56,0,431,256,158
751,80,1090,263,56,45
751,82,957,170,135,103
751,85,-463,381,165,70
751,86,1435,203,299,454
751,90,1228,288,168,98
751,91,1005,227,32,26
752,56,0,432,255,157
752,80,1091,264,56,45
752,82,951,166,136,104
752,85,-493,383,159,68
752,86,1417,192,309,470
752,90,1214,284,164,97
752,91,1005,227,32,26
753,56,0,432,255,157
753,80,1091,264,57,46
753,82,944,162,139,106
753,85,-523,385,154,65
753,86,1399,181,318,485
753,90,1204,283,156,93
753,91,1001,230,32,26
754,56,0,432,255,157
754,80,1092,265,57,46
754,82,938,159,141,107
754,85,-552,387,148,63
754,86,1381,171,328,499
754,90,1187,280,150,90
754,91,998,229,33,27
755,56,0,432,255,157
755,80,1092,266,58,46
755,82,932,155,142,109
755,85,-582,389,142,61
755,86,1363,160,337,514
755,90,1170,277,145,87
755,91,996,229,34,27
756,56,0,432,256,158
756,80,1093,266,58,47
756,82,926,151,144,110
756,85,-612,391,137,58
756,86,1344,150,348,528
756,90,1173,279,138,84
756,91,994,229,34,28
757,56,0,432,256,158
757,80,1094,267,58,47
757,82,920,148,145,111
757,85,-641,393,131,56
757,86,1326,139,357,544
757,90,1165,274,134,83
757,91,993,229,34,28
758,56,0,432,256,158
758,80,1094,267,59,48
758,82,913,144,148,113
758,85,-671,395,125,54
758,86,1308,128,367,559
758,90,1152,272,128,79
758,91,991,229,35,29
759,56,0,432,256,159
759,80,1095,268,59,48
759,82,907,140,150,115
759,85,-701,398,120,50
759,86,1290,118,377,573
759,90,1138,269,123,76
759,91,990,229,35,29
760,56,0,432,256,159
760,80,1095,269,60,48
760,82,901,137,151,115
760,85,-730,400,114,48
760,86,1272,107,386,588
760,90,1124,266,119,73
760,91,988,229,36,29
761,56,0,432,256,159
761,80,1096,269,60,49
761,82,895,133,153,117
761,85,-760,402,108,45
761,86,1253,96,397,604
761,90,1110,263,114,71
761,91,986,229,36,30
762,56,0,433,256,158
762,80,1097,270,60,49
762,85,-790,404,103,43
762,86,1235,86,406,618
762,90,1096,261,109,67
762,91,985,229,36,30
763,56,0,433,256,158
763,80,1097,271,61,49
763,85,-819,406,97,41
763,86,1217,75,416,633
763,90,1082,258,104,64
763,91,983,229,37,30
764,56,0,433,256,158
764,80,1098,271,61,50
764,85,-849,408,91,38
764,90,1068,255,100,61
764,91,982,229,37,31
765,56,0,432,256,159
765,80,1098,272,62,50
765,85,-879,410,86,36
765,90,1054,252,95,59
765,91,980,229,38,31
766,56,1,432,255,158
766,80,1116,261,88,68
766,85,-908,412,79,34
766,90,1040,249,90,56
766,91,980,231,36,30
767,56,1,432,255,158
767,80,1118,261,89,70
767,85,-938,414,74,31
767,90,1026,247,85,52
767,91,978,232,37,30
768,56,0,430,258,160
768,80,1108,258,87,68
768,90,1013,244,80,49
768,91,977,232,36,30
769,56,0,430,259,160
769,80,1104,258,85,66
769,90,999,241,75,47
769,91,975,232,36,30
770,56,0,429,260,161
770,80,1105,258,85,67
770,90,985,238,70,44
770,91,973,232,37,30
771,56,1,430,260,160
771,80,1105,258,86,67
771,90,971,236,65,40
771,91,971,232,37,30
772,56,2,430,260,160
772,80,1095,257,77,61
772,90,957,233,61,37
772,91,969,232,38,30
773,56,3,429,260,161
773,80,1095,257,76,61
773,90,943,230,56,35
773,91,969,233,37,30
774,56,3,429,262,161
774,80,1086,252,77,61
774,90,929,227,51,32
774,91,968,234,37,30
775,56,3,429,264,161
775,80,1085,251,77,61
775,90,915,225,46,28
775,91,967,234,38,30
776,56,6,430,264,160
776,80,1081,251,71,57
776,90,901,222,42,25
776,91,965,234,38,31
777,56,8,430,265,160
777,80,1079,251,69,55
777,90,887,219,37,23
777,91,964,234,38,31
778,56,10,429,269,161
778,80,1077,249,69,55
778,90,874,216,31,20
778,91,960,236,39,32
779,56,14,429,271,160
779,80,1076,248,65,54
779,90,860,214,26,16
779,91,958,235,41,34
780,56,17,428,275,161
780,80,1075,249,63,52
780,90,846,211,22,13
780,91,956,235,41,34
781,56,20,428,280,161
781,80,1074,248,63,51
781,90,832,208,17,11
781,91,954,235,42,35
782,56,23,430,285,160
782,80,1072,247,62,51
782,90,818,205,12,8
782,91,953,236,43,35
783,56,26,429,294,162
783,80,1071,247,61,50
783,90,804,203,7,4
783,91,952,236,42,36
784,56,30,429,303,163
784,80,1069,246,60,49
784,90,790,200,3,1
784,91,951,237,42,35
785,56,37,428,313,164
785,80,1067,245,60,49
785,90,776,197,-2,-1
785,91,948,235,45,38
786,56,42,428,321,164
786,80,1066,245,58,48
786,90,762,194,-7,-4
786,91,947,237,44,37
787,56,53,426,332,166
787,80,1064,244,58,48
787,90,748,192,-12,-8
787,91,946,239,42,35
788,56,71,424,342,167
788,80,1062,243,57,47
788,91,945,240,41,35
789,56,91,422,350,167
789,80,1061,243,56,46
789,91,943,240,42,35
790,56,114,421,358,168
790,80,1059,242,55,46
790,91,941,238,43,37
791,56,141,421,361,167
791,80,1057,241,55,45
791,91,937,238,45,38
792,56,170,420,364,166
792,80,1056,241,53,44
792,91,935,238,45,39
793,56,199,419,369,166
793,80,1054,240,53,44
793,91,934,240,45,38
794,56,233,420,367,163
794,80,1052,240,53,42
794,91,933,241,44,37
795,56,262,417,377,165
795,80,1051,239,51,42
795,91,931,241,45,38
796,56,296,413,382,167
796,80,1049,238,51,42
796,91,928,241,48,39
797,56,335,414,377,162
797,80,1048,238,49,41
797,91,926,241,48,40
798,56,371,411,376,161
798,80,1046,237,49,40
798,91,923,242,47,40
799,56,407,408,378,160
799,80,1044,236,48,40
799,91,920,243,48,39
800,56,443,405,382,160
800,80,1043,236,47,39
800,91,918,243,48,40
801,56,480,401,385,160
801,80,1041,235,46,38
801,91,917,244,47,39
802,56,518,398,381,159
802,80,1039,235,46,37
802,91,913,245,49,40
803,56,555,394,381,158
803,80,1038,234,44,37
803,91,911,246,49,40
804,56,593,391,376,156
804,80,1036,233,44,36
804,91,908,247,49,40
805,56,632,389,372,155
805,80,1034,233,43,35
805,91,904,245,52,42
806,56,667,385,366,153
806,80,1033,232,42,35
806,91,901,244,53,43
807,56,706,381,360,150
807,80,1031,231,42,35
807,91,898,245,54,43
808,56,742,377,355,149
808,80,1029,231,41,33
808,91,896,245,54,43
809,56,778,374,347,147
809,80,1028,230,40,33
809,91,894,245,54,44
810,56,813,372,337,143
810,80,1026,229,39,33
810,91,891,246,55,45
811,56,847,368,329,141
811,80,1024,229,39,31
811,91,889,247,56,45
812,56,879,365,318,139
812,91,887,249,55,44
813,56,907,360,313,139
813,91,885,252,52,42
814,56,935,355,306,138
814,91,882,253,53,42
815,56,965,353,292,133
815,91,879,252,55,43
816,56,993,350,279,130
816,91,876,253,57,45
817,56,1019,349,265,126
817,91,874,253,59,46
818,56,1041,344,258,125
818,91,872,254,60,47
819,56,1062,341,248,123
819,91,871,255,59,46
819,92,18,442,132,149
820,56,1080,335,239,122
820,91,870,256,58,46
820,92,35,437,137,152
821,56,1099,332,225,118
821,91,868,257,59,46
821,92,52,432,146,156
822,56,1115,329,214,115
822,91,866,257,60,48
822,92,68,432,156,157
823,56,1131,328,203,112
823,91,864,259,61,49
823,92,81,429,172,162
824,56,1142,327,195,110
824,91,863,259,61,49
824,92,101,428,185,163
825,56,1153,326,184,107
825,91,861,260,62,49
825,92,130,423,202,166
826,56,1171,324,180,104
826,91,860,260,64,51
826,92,165,418,219,168
827,56,1189,321,176,102
827,91,860,260,63,52
827,92,207,418,229,166
828,56,1207,319,172,99
828,91,858,261,64,52
828,92,253,417,238,163
829,56,1225,316,168,97
829,91,857,261,66,54
829,92,297,416,250,163
829,93,1196,314,119,100
830,56,1243,314,163,94
830,91,856,262,66,54
830,92,343,413,262,163
830,93,1198,314,117,98
831,56,1261,311,159,92
831,91,855,263,65,54
831,92,390,410,271,161
831,93,1201,313,114,96
832,56,1279,308,155,90
832,91,854,265,65,54
832,92,437,409,280,159
832,93,1203,312,113,95
833,56,1298,306,150,87
833,91,853,266,66,55
833,92,484,405,290,160
833,93,1205,312,111,93
834,56,1316,303,146,85
834,91,852,266,67,56
834,92,529,400,302,161
834,93,1208,311,108,91
835,56,1334,301,142,82
835,91,851,267,67,56
835,92,578,397,306,160
835,93,1199,301,106,89
836,56,1352,298,138,80
836,91,850,267,68,57
836,92,625,392,312,159
836,93,1200,299,104,87
837,56,1370,296,134,77
837,91,851,268,66,56
837,92,675,388,312,156
837,93,1201,297,101,85
838,56,1388,293,130,75
838,91,850,269,67,56
838,92,721,384,318,157
838,93,1192,296,98,82
839,56,1406,291,126,72
839,91,849,269,69,58
839,92,770,382,312,151
839,93,1192,294,95,80
840,56,1424,288,121,70
840,91,850,271,68,57
840,92,812,377,315,151
840,93,1183,293,94,77
841,56,1442,285,117,68
841,91,849,272,69,59
841,92,857,374,310,148
841,93,1182,292,91,75
842,56,1460,283,113,65
842,91,849,273,71,59
842,92,900,371,306,146
842,93,1172,290,91,75
843,56,1478,280,109,63
843,91,848,274,72,61
843,92,941,368,300,142
843,93,1167,289,90,74
844,56,1497,278,104,60
844,91,849,274,73,62
844,92,978,363,298,142
844,93,1161,286,90,74
845,56,1515,275,100,58
845,91,850,275,73,62
845,92,1014,361,291,139
845,93,1156,284,89,72
846,56,1533,273,96,55
846,91,850,276,75,63
846,92,1049,360,280,133
846,93,1151,283,87,70
847,56,1551,270,92,53
847,91,850,276,76,65
847,92,1077,354,276,133
847,93,1147,280,87,71
848,56,1569,268,88,50
848,91,850,277,77,66
848,92,1106,352,265,130
848,93,1140,277,87,71
849,56,1587,265,84,48
849,91,849,277,79,68
849,92,1132,349,255,127
849,93,1136,277,83,68
850,56,1605,262,79,46
850,91,849,277,81,70
850,92,1154,345,246,125
850,93,1133,277,79,65
851,56,1623,260,75,43
851,91,850,277,81,71
851,92,1175,342,235,122
851,93,1127,275,79,63
852,56,1641,257,71,41
852,91,851,279,81,71
852,92,1192,338,226,120
852,93,1122,273,80,64
853,56,1659,255,67,38
853,91,852,280,81,71
853,92,1209,337,212,116
853,93,1118,271,79,64
854,56,1677,252,63,36
854,91,852,281,82,72
854,92,1222,334,200,113
854,93,1114,269,77,63
855,56,1696,250,58,33
855,91,853,282,82,72
855,92,1233,333,188,108
855,93,1109,268,76,61
856,91,853,283,83,73
856,92,1239,331,180,107
856,93,1108,269,73,59
857,91,853,283,85,75
857,92,1248,330,167,102
857,93,1102,265,75,61
858,91,853,284,86,75
858,92,1254,330,155,98
858,93,1098,263,74,60
859,91,855,285,87,77
859,92,1254,327,150,97
859,93,1098,265,70,58
860,91,856,288,86,76
860,92,1268,324,146,95
860,93,1094,264,69,56
861,91,857,289,88,76
861,92,1282,322,142,92
861,93,1091,263,67,55
862,91,857,289,89,78
862,92,1296,320,137,89
862,93,1087,262,66,54
863,91,857,291,91,80
863,92,1310,318,133,86
863,93,1083,260,65,53
863,94,1249,312,111,96
864,91,859,292,91,80
864,92,1324,315,129,84
864,93,1086,262,63,51
864,94,1245,311,109,94
865,91,860,293,92,81
865,92,1338,313,124,81
865,93,1084,259,63,52
865,94,1240,309,106,91
866,91,860,295,94,80
866,92,1352,311,120,78
866,93,1084,259,61,50
866,94,1234,307,103,88
867,91,861,295,95,82
867,92,1365,308,117,76
867,93,1081,258,60,49
867,94,1226,305,102,87
868,91,862,296,96,83
868,92,1379,306,112,73
868,93,1081,258,59,49
868,94,1218,303,101,85
869,91,862,296,98,85
869,92,1393,304,108,70
869,93,1079,257,58,48
869,94,1214,302,99,83
870,91,863,297,99,86
870,92,1407,302,104,67
870,93,1077,256,56,47
870,94,1205,299,99,83
871,91,864,299,99,86
871,92,1421,299,100,65
871,93,1074,255,56,46
871,94,1197,297,98,81
872,91,866,300,100,86
872,92,1435,297,95,62
872,93,1072,255,54,45
872,94,1191,296,96,79
873,91,867,301,101,87
873,92,1449,295,91,59
873,93,1070,254,53,44
873,94,1185,294,94,78
874,91,868,301,103,88
874,92,1463,293,87,56
874,93,1067,253,52,43
874,94,1179,292,92,76
875,91,868,302,105,90
875,92,1476,290,83,54
875,93,1065,252,51,42
875,94,1172,291,92,75
876,91,868,301,107,92
876,92,1490,288,79,51
876,93,1063,251,49,41
876,94,1166,290,90,73
877,91,869,302,106,92
877,92,1504,286,75,48
877,93,1060,250,49,40
877,94,1160,288,88,72
878,91,870,303,107,93
878,92,1518,283,70,46
878,93,1058,249,47,39
878,94,1154,286,86,71
879,91,872,304,106,93
879,92,1532,281,66,43
879,93,1056,248,46,38
879,94,1147,285,85,68
880,91,873,305,107,93
880,92,1546,279,62,40
880,93,1053,247,45,38
880,94,1146,283,85,69
881,91,875,305,108,94
881,92,1560,277,58,37
881,93,1051,246,44,37
881,94,1140,280,86,69
882,91,876,306,109,94
882,92,1574,274,53,35
882,93,1048,245,43,36
882,94,1137,278,85,68
883,91,876,307,111,95
883,92,1587,272,50,32
883,93,1046,244,42,35
883,94,1133,278,81,66
884,91,877,308,113,96
884,92,1601,270,46,29
884,93,1044,244,40,33
884,94,1128,277,80,64
885,91,878,309,114,97
885,92,1615,267,41,27
885,93,1041,243,40,32
885,94,1124,276,80,65
886,91,880,310,113,97
886,92,1629,265,37,24
886,93,1039,242,38,31
886,94,1121,275,79,64
887,91,880,311,114,96
887,92,1643,263,33,21
887,93,1037,241,37,31
887,94,1116,273,78,64
888,91,880,312,115,97
888,92,1657,261,28,18
888,93,1034,240,36,30
888,94,1111,271,77,63
889,91,881,312,115,97
889,92,1671,258,24,16
889,93,1032,239,35,29
889,94,1109,270,75,61
890,91,882,312,116,98
890,93,1030,238,33,28
890,94,1104,268,74,60
891,91,882,311,117,99
891,93,1027,237,33,27
891,94,1105,267,73,60
892,91,883,311,118,99
892,93,1025,236,31,26
892,94,1102,266,73,59
893,91,883,312,116,98
893,93,1023,235,30,25
893,94,1099,264,71,59
894,91,883,313,117,98
894,93,1020,234,29,24
894,94,1098,263,72,60
895,91,884,313,116,98
895,93,1018,233,28,24
895,94,1099,264,67,57
896,91,884,312,118,100
896,93,1016,233,26,22
896,94,1096,263,66,55
897,91,885,312,118,101
897,93,1013,232,26,21
897,94,1093,262,65,54
898,91,884,310,120,103
898,93,1011,231,24,20
898,94,1090,261,64,53
899,91,883,308,122,105
899,94,1096,264,57,48
900,91,884,308,120,104
900,94,1094,263,56,47
901,91,884,308,120,105
901,94,1092,263,54,45
902,91,884,308,120,105
902,94,1090,262,52,44
903,91,884,309,119,104
903,94,1088,261,50,43
904,91,884,309,119,104
904,94,1086,261,49,41
905,91,885,310,118,103
905,94,1084,260,47,40
906,91,885,310,118,103
906,94,1082,259,45,39
907,91,885,310,118,103
907,94,1080,259,43,37
908,91,885,310,117,103
908,94,1077,258,43,36
909,91,885,310,117,103
909,94,1075,257,41,35
910,91,885,310,117,103
910,94,1073,257,39,33
911,91,885,310,117,103
911,94,1071,256,37,32
912,91,884,309,118,104
912,94,1069,255,36,30
913,91,884,309,118,104
913,94,1067,255,34,28
914,91,884,309,117,104
914,94,1065,254,32,27
915,91,884,308,118,105
915,94,1063,253,30,26
916,91,884,308,117,104
916,94,1061,253,29,24
917,91,885,308,116,104
917,94,1059,252,27,23
918,91,885,309,117,103
918,94,1056,251,26,22
919,91,886,310,115,102
919,94,1054,251,24,20
920,91,886,310,115,102
920,94,1052,250,23,19
921,91,886,311,115,102
921,94,1050,249,21,18
922,91,886,311,115,102
922,94,1048,249,19,16
923,91,886,312,115,101
923,94,1046,248,17,15
924,91,886,312,115,101
924,94,1044,247,16,14
925,91,886,312,115,101
925,94,1042,246,14,12
926,91,886,312,115,101
926,94,1040,246,12,10
927,91,886,312,115,101
927,94,1038,245,10,9
928,91,886,312,115,101
928,94,1035,244,10,8
929,91,886,312,115,101
929,94,1033,244,8,6
930,91,886,312,115,101
931,91,886,312,115,101
931,95,1796,351,88,138
932,91,885,312,116,101
932,95,1764,347,96,143
933,91,886,312,115,101
933,95,1727,345,106,144
934,91,886,312,115,101
934,95,1686,343,121,147
935,91,886,312,115,101
935,95,1661,338,126,153
936,91,886,312,115,101
936,95,1636,334,130,157
937,91,885,311,117,102
937,95,1611,329,134,163
938,91,885,311,117,102
938,95,1586,324,138,168
939,91,885,311,117,102
939,95,1561,319,143,174
940,91,885,310,117,103
940,95,1536,315,147,179
941,91,885,310,117,103
941,95,1511,310,151,184
941,97,1042,345,440,151
942,91,885,310,116,101
942,95,1486,305,156,190
942,97,999,344,445,153
942,98,1793,354,103,101
943,91,885,310,116,101
943,95,1461,301,160,194
943,97,956,343,449,155
943,98,1765,353,110,103
944,91,885,310,116,101
944,95,1436,296,164,200
944,97,913,343,453,156
944,98,1734,351,120,108
945,91,885,309,116,102
945,95,1411,291,169,205
945,97,870,342,458,157
945,98,1697,352,131,107
946,91,885,309,116,102
946,95,1386,287,173,210
946,97,827,341,462,159
946,98,1649,354,137,104
947,91,887,311,113,99
947,95,1361,282,177,216
947,97,784,341,466,160
947,98,1592,352,150,105
948,91,885,310,117,102
948,95,1335,277,183,221
948,97,741,340,471,162
948,98,1528,352,161,103
949,91,885,310,117,102
949,95,1310,273,187,226
949,97,697,339,476,164
949,98,1459,352,173,104
950,91,885,310,117,102
950,95,1285,268,191,231
950,97,654,339,480,164
950,98,1388,352,186,104
950,100,221,362,409,146
951,91,884,310,118,103
951,95,1260,263,195,237
951,97,611,338,485,166
951,98,1321,352,197,105
951,100,117,365,412,146
952,91,885,309,117,104
952,95,1235,258,200,242
952,97,568,337,489,168
952,98,1250,352,209,105
952,100,15,367,414,148
952,101,15,562,104,190
953,91,885,310,117,103
953,95,1210,254,204,247
953,97,525,336,493,170
953,98,1173,351,221,107
953,100,-46,371,401,145
953,101,26,544,120,215
954,91,885,310,117,103
954,95,1185,249,208,252
954,97,482,336,498,171
954,98,1098,353,227,105
954,100,-89,375,375,139
954,101,38,524,137,238
