0,91,885,310,117,103
0,95,1160,244,213,258
0,97,439,335,502,172
0,98,1046,352,229,106
0,100,-159,377,371,138
0,101,46,515,146,254
1,91,885,310,117,103
1,95,1135,240,217,263
1,97,396,334,506,174
1,98,994,351,231,107
1,100,-228,380,366,135
1,101,54,506,156,271
2,91,885,310,117,103
2,95,1110,235,221,268
2,97,353,334,511,175
2,98,943,351,232,107
2,100,-297,382,361,134
2,101,62,497,165,287
2,102,1485,490,358,236
2,103,921,288,103,87
2,104,75,402,351,125
2,105,358,439,403,178
3,91,885,310,117,103
3,95,1085,230,226,274
3,97,310,333,515,177
3,98,891,350,235,109
3,100,-366,385,358,132
3,101,70,488,175,303
3,102,1418,484,376,242
3,103,920,289,104,88
3,104,1,397,346,124
3,105,274,435,398,176
4,91,885,310,117,103
4,95,1060,226,230,278
4,97,267,332,520,179
4,98,839,349,237,110
4,100,-435,388,353,130
4,101,78,479,184,320
4,102,1318,477,385,241
4,103,920,290,104,88
4,104,-43,394,331,120
4,105,191,428,392,174
5,91,885,310,117,103
5,95,1035,221,234,284
5,97,224,332,524,180
5,98,787,349,239,110
5,100,-504,390,348,129
5,101,86,470,194,336
5,102,1205,468,400,242
5,103,916,286,111,94
5,104,-74,392,311,116
5,105,111,424,380,169
6,91,885,310,117,103
6,95,1010,216,238,289
6,97,181,331,528,181
6,98,736,348,241,111
6,100,-573,393,343,127
6,101,95,461,202,352
6,102,1091,458,409,240
6,103,915,286,113,96
6,104,-102,388,291,112
6,105,30,419,376,167
7,91,885,310,117,103
7,95,985,212,243,294
7,97,138,330,533,183
7,98,684,347,243,113
7,100,-642,395,339,125
7,101,103,452,212,368
7,102,977,450,418,238
7,103,916,286,112,96
7,104,-146,385,284,110
7,105,-28,415,362,162
7,107,1734,486,137,161
7,108,946,212,91,84
8,91,885,310,118,103
8,95,960,207,247,300
8,97,95,330,537,184
8,98,632,347,245,113
8,100,-711,398,334,123
8,101,111,443,221,385
8,102,865,443,421,231
8,103,916,287,112,96
8,104,-190,381,278,108
8,105,-68,409,347,160
8,107,1686,475,157,177
8,108,947,213,90,82
9,91,885,310,118,103
9,95,935,202,251,305
9,97,52,329,541,186
9,98,580,346,248,114
9,100,-780,400,329,122
9,101,119,434,231,401
9,102,756,439,423,224
9,103,915,287,114,98
9,104,-234,378,272,105
9,105,-101,402,332,160
9,107,1637,471,173,181
9,108,948,214,88,80
10,91,885,310,118,103
10,97,9,328,546,188
10,98,528,345,250,116
10,100,-849,403,324,120
10,101,127,425,240,417
10,102,646,432,429,220
10,103,913,284,116,101
10,104,-278,375,267,103
10,105,-163,397,328,158
10,107,1564,464,185,180
10,108,949,214,87,80
11,91,885,310,118,103
11,97,-33,328,549,188
11,98,477,344,251,117
11,100,-918,405,320,119
11,101,135,416,250,433
11,102,539,425,433,216
11,103,914,288,113,98
11,104,-322,371,260,101
11,105,-224,393,323,155
11,107,1481,461,197,178
11,108,950,215,85,78
12,91,885,310,118,103
12,97,-76,327,553,190
12,98,425,344,254,117
12,100,-987,408,315,116
12,101,143,407,259,450
12,102,435,421,434,211
12,103,913,288,115,100
12,104,-367,368,255,99
12,105,-285,388,318,152
12,107,1393,454,210,177
12,108,950,215,85,77
13,91,885,310,118,103
13,97,257,418,579,202
13,98,373,343,256,118
13,100,-1056,411,310,114
13,101,151,398,269,466
13,102,343,414,431,210
13,103,914,290,113,98
13,104,-411,365,249,96
13,105,-347,383,314,150
13,107,1303,447,223,176
13,108,951,216,83,75
14,91,885,310,118,103
14,97,185,413,571,202
14,98,321,342,258,120
14,100,-1125,413,305,113
14,101,160,389,277,482
14,102,252,408,427,208
14,103,916,293,109,96
14,104,-455,362,243,93
14,105,-408,378,309,148
14,107,1216,443,232,171
14,108,952,216,81,74
15,91,885,310,118,103
15,97,101,406,563,202
15,98,270,342,259,120
15,100,-1194,416,300,111
15,101,168,380,287,499
15,102,160,402,424,206
15,103,916,295,109,95
15,104,-499,358,236,92
15,105,-469,373,304,146
15,107,1126,437,246,173
15,108,953,216,80,74
16,91,885,310,118,103
16,97,15,399,550,200
16,98,218,341,262,121
16,100,-1263,418,296,110
16,101,176,371,296,515
16,102,69,396,420,204
16,103,916,296,108,94
16,104,-543,355,230,89
16,105,-530,368,299,143
16,107,1039,433,255,169
16,108,954,217,78,72
17,91,885,311,118,102
17,97,-29,399,552,201
17,98,166,340,264,122
17,100,-1332,421,291,107
17,101,184,362,306,531
17,102,4,389,403,195
17,103,915,294,109,96
17,104,-587,352,224,86
17,105,-592,363,295,141
17,107,952,428,263,165
17,108,954,217,77,71
18,91,885,311,118,102
18,97,-73,399,555,202
18,98,114,340,266,123
18,100,-1401,423,286,106
18,101,192,353,315,547
18,102,-45,384,384,191
18,103,916,296,108,94
18,104,-632,348,219,85
18,105,-653,358,289,139
18,107,862,421,275,165
18,108,955,218,76,69
19,91,885,311,118,103
19,97,-118,399,559,204
19,98,63,339,268,124
19,100,-1470,426,281,104
19,101,200,344,325,564
19,102,-80,382,353,182
19,103,916,297,107,93
19,104,-676,345,212,82
19,105,-714,353,284,136
19,107,776,416,282,163
19,108,956,218,74,68
20,91,885,311,118,103
20,97,-162,400,561,204
20,98,11,338,270,125
20,100,-1539,429,277,102
20,101,208,335,334,580
20,102,-159,376,346,179
20,103,916,297,108,94
20,104,-720,342,206,79
20,105,-775,348,279,134
20,107,693,412,286,160
20,108,957,219,73,66
21,91,885,311,118,103
21,97,-207,400,565,205
21,98,-40,338,271,125
21,100,-1608,431,272,101
21,101,216,326,344,596
21,102,-239,370,340,176
21,103,916,297,108,94
21,104,-764,338,200,78
21,105,-837,343,275,132
21,107,611,408,290,157
21,108,958,219,71,66
22,91,885,311,118,103
22,97,-251,400,567,207
22,98,-92,337,274,127
22,100,-1677,434,267,98
22,101,224,317,353,612
22,102,-318,365,333,172
22,103,916,297,107,94
22,104,-808,335,194,75
22,105,-898,338,270,130
22,107,530,404,296,155
22,108,958,220,70,64
23,91,885,311,118,103
23,97,-296,400,571,208
23,98,-144,336,276,128
23,100,-1746,436,262,97
23,101,233,308,362,629
23,102,-398,359,328,169
23,103,916,298,107,93
23,104,-852,332,187,72
23,105,-959,333,265,127
23,107,448,399,301,154
23,108,959,220,69,63
24,91,885,311,118,103
24,97,-340,400,573,209
24,98,-195,335,277,129
24,100,-1815,439,258,95
24,101,241,299,371,645
24,102,-478,353,322,166
24,103,916,298,107,93
24,104,-896,329,181,70
24,105,-1021,328,260,125
24,107,375,395,300,150
24,108,960,221,67,61
25,91,885,311,118,103
25,97,-385,401,577,210
25,98,-247,335,279,130
25,100,-1884,441,253,94
25,101,249,290,381,661
25,102,-557,348,315,162
25,103,916,298,107,92
25,104,-941,325,176,68
25,105,-1082,323,255,123
25,107,298,392,299,147
25,108,961,221,65,60
26,91,885,311,118,103
26,97,-429,401,579,211
26,98,-299,334,283,131
26,100,-1953,444,248,92
26,101,257,281,390,678
26,102,-637,342,309,159
26,103,917,298,106,92
26,104,-985,322,170,65
26,105,-1143,318,250,120
26,107,224,388,301,145
26,108,961,222,65,59
27,91,885,311,118,103
27,97,-474,401,583,212
27,98,-351,333,285,132
27,100,-2022,446,243,90
27,101,265,272,400,694
27,102,-716,336,302,156
27,103,917,298,106,92
27,104,-1029,319,163,63
27,105,-1204,314,245,117
27,107,151,385,300,143
27,108,962,222,63,58
28,91,885,311,118,103
28,97,-518,401,586,214
28,98,-402,333,286,132
28,100,-2091,449,239,88
28,101,273,263,409,710
28,102,-796,331,296,152
28,103,917,299,106,91
28,104,-1073,315,157,61
28,105,-1266,309,241,115
28,107,81,381,299,141
28,108,963,223,62,56
29,91,885,311,119,103
29,97,-563,401,589,215
29,98,-454,332,289,134
29,100,-2160,452,234,86
29,101,281,254,419,726
29,102,-875,325,289,149
29,103,917,299,106,92
29,104,-1117,312,151,58
29,105,-1327,304,236,113
29,107,13,377,297,139
29,108,964,223,60,55
30,97,-607,402,593,215
30,102,-955,319,283,146
30,103,917,300,105,91
30,104,-1161,309,145,56
30,105,-1388,299,230,110
30,107,-31,372,291,137
30,108,965,224,58,53
31,97,-652,402,596,216
31,102,-1034,314,276,142
31,103,915,298,108,93
31,104,-1205,305,138,54
31,105,-1449,294,225,108
31,107,-61,368,277,135
31,108,965,224,58,52
32,97,-696,402,599,218
32,102,-1114,308,270,139
32,103,915,298,108,93
32,104,-1250,302,133,51
32,105,-1511,289,221,106
32,107,-125,364,273,133
32,108,966,225,56,51
33,97,-741,402,602,219
33,102,-1193,302,263,136
33,103,915,298,108,93
33,104,-1294,299,127,49
33,105,-1572,284,216,103
33,107,-189,359,270,132
33,108,967,225,54,50
34,97,-786,402,606,220
34,102,-1273,297,257,132
34,103,916,298,107,93
34,104,-1338,296,121,46
34,105,-1633,279,211,101
34,107,-253,355,267,130
34,108,968,225,53,49
35,97,-830,403,608,221
35,102,-1352,291,250,129
35,103,915,299,108,92
35,104,-1382,292,114,45
35,105,-1695,274,207,99
35,107,-318,350,265,129
35,108,969,226,51,47
36,97,-875,403,612,222
36,102,-1432,285,244,126
36,103,915,299,108,92
36,104,-1426,289,108,42
36,105,-1756,269,201,97
36,107,-382,345,262,128
36,108,969,226,51,46
37,97,-919,403,615,223
37,102,-1511,280,237,122
37,103,915,299,108,92
37,105,-1817,264,196,94
37,107,-446,341,259,126
37,108,970,227,49,45
38,97,-964,403,618,225
38,102,-1591,274,232,119
38,103,915,299,109,93
38,105,-1878,259,191,92
38,107,-510,336,255,125
38,108,971,227,47,44
39,97,-1008,403,621,226
39,102,-1670,268,225,116
39,103,915,299,109,93
39,105,-1940,254,187,90
39,107,-574,332,252,123
40,97,-1053,404,624,226
40,102,-1750,263,219,112
40,103,915,299,109,93
40,107,-638,327,249,122
41,97,-1097,404,627,228
41,102,-1830,257,213,109
41,103,915,299,109,93
41,107,-702,323,246,120
42,97,-1142,404,630,229
42,102,-1909,251,206,106
42,103,915,299,109,93
42,107,-766,318,242,119
43,97,-1186,404,633,230
43,102,-1989,246,200,102
43,103,915,299,109,93
43,107,-830,314,239,117
44,97,-1231,404,636,232
44,102,-2068,240,193,99
44,103,915,299,109,93
44,107,-894,309,236,115
45,97,-1275,405,639,232
45,102,-2148,234,187,96
45,103,915,299,109,94
45,107,-959,305,233,113
46,97,-1320,405,643,233
46,102,-2227,229,180,92
46,103,915,299,109,94
46,107,-1023,300,230,112
47,102,-2307,223,174,89
47,103,915,300,109,93
47,107,-1087,296,227,110
48,102,-2386,217,167,86
48,103,915,300,109,93
48,107,-1151,291,224,109
49,102,-2466,212,161,82
49,103,915,300,109,93
49,107,-1215,287,220,107
50,103,915,300,109,93
50,107,-1279,282,217,106
51,103,915,300,109,94
51,107,-1343,278,214,104
52,103,915,300,109,94
52,107,-1407,273,210,103
53,103,915,300,109,94
53,107,-1471,269,207,101
54,103,915,300,109,94
54,107,-1535,264,204,100
55,103,915,301,109,93
55,107,-1600,260,202,98
56,103,915,301,109,93
56,107,-1664,255,198,97
57,103,915,301,109,94
57,107,-1728,251,195,94
58,103,915,301,109,94
58,107,-1792,246,192,93
59,103,915,301,109,94
59,107,-1856,242,188,91
60,103,915,299,108,92
60,107,-1920,237,185,90
61,103,915,299,108,91
61,107,-1984,232,182,89
62,103,915,299,108,91
62,112,846,155,65,47
63,103,915,298,108,92
63,112,848,156,65,47
64,103,915,298,108,92
64,112,852,157,65,47
65,103,915,298,108,92
65,112,854,158,67,49
66,103,915,298,108,92
66,112,857,161,67,49
67,103,915,298,108,92
67,112,859,162,68,49
68,103,915,298,108,92
68,112,859,162,71,51
69,103,915,298,108,92
69,112,862,163,71,52
70,103,915,298,108,92
70,112,863,166,72,52
71,103,915,298,108,92
71,112,866,169,70,51
72,103,915,298,108,92
72,112,868,171,71,52
73,103,915,298,108,92
73,112,870,173,71,52
74,103,915,298,108,92
74,112,872,174,71,52
75,103,915,298,108,92
75,112,875,175,70,52
76,103,915,298,108,92
76,112,877,176,71,53
77,103,915,298,108,92
77,112,879,177,71,53
78,103,915,298,108,92
78,112,881,179,71,53
79,103,915,298,108,92
79,112,881,180,74,55
80,103,915,298,109,93
80,112,882,181,75,56
81,103,915,298,109,94
81,112,884,182,75,57
82,103,915,298,109,94
82,112,885,183,76,58
82,113,839,128,64,53
83,103,915,298,109,94
83,112,886,184,77,58
83,113,842,130,64,52
84,103,915,298,109,94
84,112,887,185,78,59
84,113,844,131,65,53
85,103,915,298,109,94
85,112,888,186,78,60
85,113,847,132,65,54
86,103,915,298,109,94
86,112,889,187,78,60
86,113,851,134,66,53
87,103,916,298,107,93
87,112,889,188,79,61
87,113,855,134,67,55
88,103,915,298,109,93
88,112,892,191,78,60
88,113,857,135,68,55
89,103,915,298,109,92
89,112,895,194,74,57
89,113,860,136,69,56
90,103,915,297,108,93
90,112,896,195,73,57
90,113,863,137,69,56
91,103,915,297,108,93
91,112,897,196,74,57
91,113,866,138,69,57
92,103,915,297,108,93
92,112,898,198,73,57
92,113,865,135,75,62
93,103,915,297,108,93
93,112,898,199,75,58
93,113,867,135,76,64
94,103,915,297,108,93
94,112,898,199,77,60
94,113,870,137,76,64
95,103,915,297,108,93
95,112,900,200,76,60
95,113,874,139,75,64
96,103,915,297,108,93
96,112,901,202,77,60
96,113,875,140,77,65
97,103,914,297,109,93
97,112,899,201,79,62
97,113,878,140,77,67
98,103,914,297,109,93
98,112,899,201,79,63
98,113,879,144,76,64
99,103,914,297,109,93
99,112,900,202,79,63
99,113,882,145,76,65
99,117,1140,397,518,235
100,103,915,296,109,94
100,112,901,203,77,62
100,113,882,147,76,66
100,117,959,386,513,230
101,103,915,295,109,94
101,112,901,204,78,62
101,113,884,148,77,67
101,117,787,379,499,220
102,103,915,295,109,94
102,112,902,205,78,63
102,113,887,149,75,67
102,117,614,367,500,218
103,103,915,295,109,94
103,112,903,206,78,63
103,113,889,151,76,66
103,117,457,359,492,211
104,103,915,295,109,94
104,112,904,208,78,62
104,113,891,152,77,67
104,117,309,355,477,202
105,103,915,295,110,94
105,112,904,209,79,63
105,113,893,153,77,68
105,117,168,348,465,194
106,103,915,295,110,94
106,112,905,210,79,63
106,113,895,154,78,69
106,117,34,340,459,190
107,103,915,294,110,95
107,112,906,211,80,63
107,113,897,155,79,69
107,117,-48,332,442,184
108,103,914,294,111,95
108,112,907,212,80,64
108,113,899,156,80,70
108,117,-108,327,419,181
109,103,914,294,111,95
109,112,907,213,81,64
109,113,901,158,80,70
109,117,-229,320,406,175
110,103,914,294,111,95
110,112,908,214,81,64
110,113,903,159,81,70
110,117,-350,312,394,170
111,103,914,294,111,95
111,112,909,215,81,65
111,113,905,160,82,71
111,117,-471,305,382,164
112,103,914,294,111,95
112,112,909,216,82,65
112,113,907,161,82,72
112,117,-592,298,369,159
113,103,915,297,109,94
113,112,910,217,82,65
113,113,910,162,82,73
113,117,-713,290,356,154
113,118,178,614,550,386
114,103,915,298,109,94
114,112,911,218,82,66
114,113,912,163,83,73
114,117,-834,283,344,148
114,118,358,632,585,402
115,103,915,297,110,95
115,112,912,219,82,66
115,113,914,165,84,73
115,117,-955,276,331,142
115,118,454,642,602,414
116,103,916,297,108,94
116,112,912,220,83,66
116,113,916,166,84,74
116,117,-1076,269,318,137
116,118,550,652,620,426
117,103,916,297,108,94
117,112,913,221,83,67
117,113,918,167,85,74
117,117,-1198,261,307,132
117,118,646,662,637,438
118,103,916,297,108,94
118,112,914,222,83,67
118,113,920,168,86,75
118,117,-1319,254,294,126
118,118,743,672,653,449
119,103,917,297,107,94
119,112,914,223,85,67
119,113,922,169,86,76
119,117,-1440,247,281,120
119,118,839,682,670,461
120,103,917,297,106,93
120,112,915,224,85,68
120,113,924,170,87,77
120,117,-1561,239,268,115
120,118,935,693,687,472
121,103,917,298,106,92
121,112,916,225,85,68
121,113,926,172,88,76
121,117,-1682,232,256,110
121,118,1031,703,705,484
122,103,917,298,106,92
122,112,917,226,85,68
122,113,928,173,89,77
122,117,-1803,225,243,104
122,118,1127,713,722,496
123,103,917,298,106,92
123,112,917,227,86,69
123,113,930,174,89,78
123,117,-1924,217,230,99
123,118,1224,723,738,508
123,123,407,848,337,229
124,103,917,298,106,92
124,112,918,228,86,69
124,113,932,175,90,78
124,117,-2045,210,218,93
124,118,1320,733,755,519
124,123,541,870,308,208
125,103,917,298,106,92
125,112,919,229,86,69
125,113,934,176,91,79
125,117,-2166,203,205,88
125,118,1416,743,772,531
125,123,676,891,277,188
126,103,917,298,106,92
126,112,919,230,87,70
126,113,937,177,90,80
126,117,-2287,195,192,83
126,118,1512,754,790,542
126,123,810,912,247,168
127,103,917,298,106,92
127,112,920,231,87,70
127,113,839,124,63,54
127,117,-2409,188,180,77
127,118,1609,764,806,554
127,123,945,934,217,147
128,103,916,298,106,92
128,112,921,232,87,70
128,113,840,124,63,54
128,117,-2530,181,168,71
128,118,1705,774,823,566
128,123,1079,955,187,127
129,103,916,298,106,91
129,112,922,233,87,71
129,113,842,126,63,52
129,117,-2651,173,155,67
129,118,1801,784,840,578
129,123,1214,976,157,107
130,103,916,298,106,91
130,112,922,234,88,71
130,113,841,126,62,51
130,117,-2772,166,142,61
130,118,1897,794,857,589
130,123,1348,998,127,86
131,103,916,298,106,91
131,113,840,125,61,50
131,117,-2893,159,130,55
131,118,1993,804,875,601
131,123,1483,1019,96,65
132,103,916,298,106,91
132,113,840,125,59,49
132,117,-3014,151,117,50
132,118,2090,814,891,613
132,123,1617,1040,67,45
133,103,916,298,106,91
133,113,839,124,58,49
133,117,-3135,144,104,45
133,118,2186,825,908,624
133,123,1752,1062,36,24
134,103,916,298,106,91
134,113,838,124,57,47
134,117,-3256,137,91,39
134,118,2282,835,925,636
134,123,1886,1083,7,4
135,103,916,298,108,92
135,113,837,123,56,47
135,117,-3377,129,79,34
135,118,2378,845,942,647
135,123,2021,1104,-24,-16
136,103,916,298,108,92
136,113,836,123,56,46
136,117,-3499,122,67,28
136,118,2474,855,960,659
136,123,2155,1126,-54,-37
137,103,915,296,109,95
137,113,835,123,55,45
137,117,-3620,115,54,23
137,118,2571,865,976,671
137,123,2290,1147,-84,-57
138,103,915,296,109,95
138,113,834,122,54,44
138,117,-3741,107,42,18
138,118,2667,875,993,683
138,123,2424,1168,-114,-77
139,103,915,296,109,95
139,113,834,122,52,43
139,118,2763,885,1010,695
139,123,2559,1190,-144,-98
140,103,915,296,109,95
140,113,833,121,51,43
140,118,2859,896,1027,706
140,123,2693,1211,-174,-118
141,103,915,296,109,95
141,113,865,135,69,58
141,118,2956,906,1044,717
141,123,2828,1232,-205,-139
142,103,915,296,109,95
142,113,866,136,70,59
142,118,3052,916,1061,729
142,123,2962,1254,-234,-160
142,126,209,690,278,283
143,103,915,296,109,95
143,113,867,136,71,60
143,118,3148,926,1078,741
143,123,3097,1275,-265,-180
143,126,270,699,290,294
144,103,916,297,107,94
144,113,869,137,70,60
144,118,3244,936,1095,753
144,123,3231,1296,-294,-200
144,126,331,707,302,307
145,103,916,297,107,94
145,113,869,137,71,61
145,123,3366,1317,-325,-220
145,126,391,715,314,319
145,127,881,792,677,283
146,103,916,297,107,94
146,113,870,137,72,62
146,123,3500,1339,-355,-241
146,126,452,723,326,332
146,127,1226,824,604,252
147,103,916,298,107,93
147,113,872,137,73,63
147,123,3635,1360,-385,-261
147,126,512,732,339,343
147,127,1487,860,510,215
148,103,916,298,107,93
148,113,874,138,72,63
148,123,3769,1381,-415,-281
148,126,573,740,350,356
148,127,1728,887,454,191
149,103,916,298,107,93
149,113,876,138,73,64
149,123,3904,1403,-445,-302
149,126,633,748,363,368
149,127,1969,914,399,168
150,103,916,298,107,93
150,113,877,139,72,64
150,123,4038,1424,-475,-323
150,126,694,756,375,381
150,127,2210,940,343,145
151,103,916,298,107,93
151,113,877,139,73,65
151,123,4173,1445,-506,-343
151,126,755,765,386,392
151,127,2451,967,288,121
152,103,916,298,107,93
152,113,878,141,73,65
152,123,4307,1467,-535,-364
152,126,815,773,399,405
152,127,2692,994,232,98
153,103,916,298,107,93
153,113,879,141,72,66
153,123,4442,1488,-566,-384
153,126,876,781,411,417
153,127,2933,1021,177,74
154,103,916,298,107,93
154,113,880,142,72,66
154,126,936,789,423,430
154,127,3174,1047,121,52
155,103,916,298,107,93
155,113,881,143,72,66
155,126,997,798,435,442
155,127,3415,1074,66,28
156,103,916,298,107,93
156,113,882,144,72,66
156,126,1058,806,447,454
156,127,3656,1101,10,4
157,103,916,298,107,93
157,113,883,145,73,66
157,126,1118,814,459,467
157,127,3897,1128,-45,-19
158,103,916,298,107,93
158,113,884,145,73,67
158,126,1179,822,471,479
158,127,4138,1154,-101,-42
159,103,916,298,107,93
159,113,885,146,74,67
159,126,1239,831,483,491
159,127,4379,1181,-156,-66
160,103,917,298,106,93
160,113,885,149,68,63
160,126,1300,839,495,503
160,127,4620,1208,-212,-89
161,103,917,298,106,93
161,113,885,150,69,63
161,126,1360,847,508,516
161,127,4861,1235,-267,-113
162,103,914,295,111,96
162,113,886,151,69,62
162,126,1421,855,519,528
162,127,5102,1262,-323,-137
163,103,914,294,111,97
163,113,887,152,69,62
163,126,1482,864,531,540
163,127,5343,1288,-378,-159
164,103,914,294,111,97
164,113,888,153,69,62
164,126,1542,872,544,552
164,127,5584,1315,-434,-183
165,103,914,294,111,97
165,113,889,154,69,62
165,126,1603,880,555,565
165,127,5825,1342,-489,-207
165,128,1229,417,429,222
166,103,916,295,108,95
166,113,890,155,69,62
166,126,1663,889,568,576
166,127,6066,1369,-545,-230
166,128,1041,402,425,218
167,103,916,295,108,95
167,113,891,155,69,63
167,126,1724,897,580,589
167,127,6307,1395,-600,-253
167,128,865,393,416,211
168,103,916,295,108,94
168,113,892,156,68,63
168,126,1784,905,592,601
168,127,6548,1422,-656,-276
168,128,695,387,403,201
169,103,916,295,108,94
169,113,893,157,68,62
169,126,1845,913,604,614
169,127,6789,1449,-711,-300
169,128,531,378,402,197
170,103,916,295,108,94
170,113,894,158,68,62
170,126,1906,922,616,625
170,127,7030,1476,-767,-324
170,128,374,367,403,195
171,103,917,297,106,93
171,113,895,159,68,62
171,126,1966,930,628,638
171,127,7271,1502,-822,-346
171,128,233,361,391,187
172,103,917,297,106,93
172,113,895,160,69,62
172,126,2027,938,640,651
172,127,7512,1529,-878,-370
172,128,98,355,380,179
173,103,917,298,106,92
173,113,896,161,69,62
173,127,7753,1556,-933,-394
173,128,-11,348,371,175
174,103,917,298,106,93
174,113,897,162,69,62
174,127,7994,1583,-989,-417
174,128,-81,342,350,169
175,103,917,298,106,93
175,113,898,163,69,62
175,127,8235,1609,-1044,-440
175,128,-209,334,339,164
176,103,917,298,106,93
176,113,899,163,68,62
176,127,8476,1636,-1100,-464
176,128,-337,326,329,159
177,103,916,297,108,94
177,113,900,164,68,62
177,127,8717,1663,-1155,-487
177,128,-465,318,318,154
178,103,916,297,108,94
178,113,901,165,68,62
178,128,-593,310,307,149
179,103,916,296,108,94
179,113,902,166,68,62
179,128,-721,303,296,142
180,103,916,298,107,92
180,113,903,167,68,62
180,128,-849,295,285,137
181,103,916,298,107,92
181,113,904,168,68,62
181,128,-977,287,274,132
182,103,916,298,107,92
182,113,905,169,68,62
182,128,-1105,279,263,127
183,103,916,298,107,92
183,113,905,170,69,61
183,128,-1233,272,252,121
184,103,916,298,107,92
184,113,906,171,68,61
184,128,-1361,264,241,116
185,103,916,298,106,92
185,113,907,171,68,62
185,128,-1489,256,230,111
186,103,917,298,105,92
186,113,908,172,68,62
186,128,-1617,248,219,106
187,103,917,298,105,92
187,113,909,173,68,62
187,128,-1745,240,208,101
188,103,917,298,105,92
188,113,910,174,68,62
188,128,-1873,233,197,94
189,103,917,298,105,92
189,113,911,175,68,62
189,128,-2001,225,186,89
190,103,917,299,105,91
190,113,912,176,68,61
190,128,-2129,217,175,84
191,103,917,299,105,91
191,128,-2257,209,164,79
192,103,917,298,106,92
192,128,-2385,201,153,74
193,103,917,298,106,93
193,128,-2513,194,142,68
194,103,917,298,106,93
194,128,-2641,186,131,63
195,103,917,298,106,93
195,128,-2769,178,120,58
196,103,917,298,106,93
196,128,-2897,170,109,53
197,103,917,298,107,93
197,128,-3025,162,98,47
198,103,917,298,107,93
198,128,-3153,155,87,41
199,103,917,298,107,93
199,128,-3281,147,76,36
200,103,917,298,106,93
200,128,-3408,139,64,31
201,103,916,298,107,93
201,128,-3536,131,53,26
202,103,916,299,107,91
202,128,-3664,124,42,20
203,103,916,299,107,91
203,128,-3792,116,31,15
204,103,915,297,109,93
204,128,-3920,108,20,10
205,103,915,297,109,93
206,103,915,297,109,93
207,103,915,297,109,94
208,103,915,297,109,94
209,103,915,297,109,94
210,103,915,297,109,94
211,103,915,297,109,94
212,103,916,297,108,94
213,103,916,297,108,94
214,103,916,297,108,94
215,103,916,297,108,94
216,103,916,297,108,94
217,103,916,297,108,94
218,103,916,297,108,94
219,103,916,297,108,94
220,103,916,297,108,94
221,103,916,297,108,94
222,103,916,297,108,94
223,103,916,297,108,94
224,103,916,297,108,94
225,103,916,297,108,94
226,103,915,297,110,94
227,103,915,297,110,95
228,103,916,297,108,94
229,103,916,298,108,93
230,103,916,298,107,93
231,103,916,298,107,92
232,103,916,299,107,91
233,103,916,299,107,91
234,103,916,299,107,91
235,103,916,299,107,91
236,103,916,299,107,91
237,103,917,299,106,91
238,103,917,299,106,91
239,103,917,299,106,91
240,103,917,299,106,91
241,103,917,299,106,91
242,103,917,299,106,91
243,103,917,300,106,90
244,103,917,300,106,90
245,103,917,300,106,90
246,103,917,300,105,90
247,103,917,300,105,90
248,103,917,300,105,90
249,103,917,300,105,90
250,103,918,300,104,90
251,103,918,300,104,90
252,103,918,300,104,90
253,103,918,300,104,90
254,103,918,301,104,89
255,103,918,301,104,89
256,103,918,301,104,89
257,103,918,301,104,89
258,103,915,299,108,91
259,103,915,298,109,93
260,103,915,298,108,93
261,103,916,298,107,91
261,134,827,427,394,161
262,103,916,298,107,91
262,134,645,414,384,157
263,103,915,298,109,92
263,134,475,407,367,150
264,103,915,298,109,92
264,134,314,398,353,145
265,103,915,297,109,93
265,134,164,390,338,139
266,103,915,297,109,93
266,134,23,382,327,134
267,103,915,297,109,93
267,134,-72,373,311,131
267,136,935,484,436,187
268,103,916,297,108,93
268,134,-208,364,301,128
268,136,723,464,433,187
269,103,916,297,108,93
269,134,-344,355,292,124
269,136,525,450,421,181
270,103,916,297,108,92
270,134,-481,347,282,119
270,136,343,438,406,175
271,103,916,296,108,93
271,134,-617,338,272,116
271,136,173,427,391,169
272,103,916,296,108,93
272,134,-754,330,263,111
272,136,17,418,375,162
273,103,916,296,108,93
273,134,-890,321,253,107
273,136,-82,409,348,155
274,103,916,296,109,93
274,134,-1027,313,244,103
274,136,-236,398,336,150
275,103,916,297,107,92
275,134,-1163,304,234,99
275,136,-390,387,326,145
276,103,914,295,111,95
276,134,-1300,295,225,95
276,136,-544,376,314,140
277,103,913,294,112,96
277,134,-1436,287,215,91
277,136,-698,365,302,134
278,103,915,296,109,94
278,134,-1573,278,206,87
278,136,-851,354,290,129
279,103,914,294,110,96
279,134,-1709,270,196,83
279,136,-1005,343,278,124
280,103,914,294,110,96
280,134,-1846,261,187,79
280,136,-1159,332,266,119
281,103,914,294,111,96
281,134,-1982,252,177,75
281,136,-1313,321,255,114
282,103,913,294,112,96
282,134,-2118,244,167,71
282,136,-1467,311,243,107
283,103,915,295,110,95
283,134,-2255,235,158,67
283,136,-1620,300,231,102
284,103,916,295,109,96
284,134,-2391,227,148,62
284,136,-1774,289,219,97
285,103,916,296,109,95
285,134,-2528,218,139,59
285,136,-1928,278,207,92
286,103,916,296,109,95
286,134,-2664,209,129,55
286,136,-2082,267,196,87
287,103,916,296,109,95
287,134,-2801,201,120,50
287,136,-2236,256,184,81
288,103,916,296,109,95
288,134,-2937,192,109,47
288,136,-2390,245,172,76
289,103,916,296,109,95
289,134,-3074,184,100,42
289,136,-2543,234,160,71
290,103,916,296,109,95
290,134,-3210,175,90,38
290,136,-2697,223,148,66
291,103,916,296,109,95
291,134,-3347,167,81,34
291,136,-2851,212,137,61
292,103,916,296,109,95
292,134,-3483,158,71,30
292,136,-3005,201,125,55
293,103,916,296,109,95
293,134,-3619,149,61,26
293,136,-3159,190,113,50
294,103,916,296,109,95
294,134,-3756,141,52,22
294,136,-3312,179,101,45
295,103,916,296,109,95
295,134,-3892,132,42,18
295,136,-3466,168,89,40
296,103,916,297,109,94
296,134,-4029,124,33,14
296,136,-3620,157,77,34
297,103,916,297,109,94
297,134,-4165,115,23,10
297,136,-3774,146,66,29
298,103,915,297,109,94
298,136,-3928,135,54,24
299,103,915,298,109,94
299,136,-4081,124,42,19
300,103,916,298,107,93
300,136,-4235,113,30,14
301,103,916,298,107,93
301,136,-4389,102,18,8
302,103,915,298,109,93
302,136,-4543,91,7,3
303,103,915,298,109,93
303,136,-4697,80,-5,-2
304,103,915,298,109,93
305,103,915,298,109,94
306,103,915,298,109,94
307,103,915,298,109,94
308,103,915,298,109,94
309,103,915,297,109,95
310,103,916,297,107,94
311,103,916,297,107,94
312,103,916,297,107,94
313,103,916,297,107,93
314,103,916,297,107,93
315,103,916,297,107,93
316,103,916,298,107,92
317,103,915,298,108,92
318,103,916,298,107,92
319,103,916,298,107,92
320,103,916,298,107,92
321,103,916,298,107,92
322,103,916,298,107,92
323,103,916,298,107,92
324,103,916,298,107,92
325,103,916,298,107,92
326,103,916,298,107,91
327,103,915,297,109,93
328,103,915,297,109,93
328,142,569,706,780,366
329,103,916,297,107,93
329,142,966,740,733,342
330,103,916,297,107,93
330,142,1290,780,643,301
331,103,916,297,108,94
331,142,1552,807,609,285
332,103,915,297,109,94
332,142,1814,835,574,268
333,103,915,297,109,94
333,142,2077,862,539,252
334,103,915,297,109,94
334,142,2339,889,504,236
335,103,915,297,109,94
335,142,2601,916,470,220
336,103,915,297,109,94
336,142,2863,944,435,203
337,103,915,297,109,94
337,142,3125,971,401,187
338,103,915,297,109,94
338,142,3387,998,366,171
339,103,915,297,109,94
339,142,3649,1025,331,155
340,103,915,297,109,94
340,142,3912,1053,296,138
341,103,915,297,109,94
341,142,4174,1080,261,122
342,103,915,297,109,94
342,142,4436,1107,227,106
343,103,915,297,109,94
343,142,4698,1135,192,89
344,103,916,297,107,94
344,142,4960,1162,158,74
345,103,916,298,107,92
345,142,5222,1189,123,58
346,103,915,298,108,92
346,142,5484,1216,89,42
347,103,915,298,108,92
347,142,5747,1244,53,25
348,103,915,298,108,92
348,142,6009,1271,19,9
349,103,915,298,108,92
349,142,6271,1298,-16,-7
350,103,915,298,108,93
350,142,6533,1325,-51,-23
351,103,915,298,108,93
351,142,6795,1353,-85,-40
352,103,915,298,108,93
352,142,7057,1380,-120,-56
353,103,915,298,109,93
353,142,7320,1407,-155,-72
354,103,915,298,109,93
354,142,7582,1435,-190,-89
355,103,915,298,109,93
355,142,7844,1462,-224,-105
356,103,915,297,109,94
356,142,8106,1489,-259,-121
357,103,914,297,110,95
357,142,8368,1516,-293,-137
358,103,914,297,110,95
358,142,8630,1544,-328,-154
359,103,914,297,110,95
359,142,8892,1571,-362,-170
360,103,914,297,110,95
360,142,9155,1598,-398,-186
361,103,914,297,110,95
362,103,914,297,110,95
363,103,914,297,110,95
364,103,914,297,110,95
365,103,914,297,110,95
366,103,914,297,110,95
367,103,914,297,110,95
368,103,914,297,110,95
369,103,914,297,110,95
370,103,914,297,110,94
371,103,915,297,108,93
372,103,915,297,108,93
373,103,915,297,108,93
374,103,915,297,108,93
375,103,914,297,109,93
376,103,914,297,110,93
377,103,914,297,110,93
378,103,914,296,110,94
379,103,914,296,110,94
380,103,914,296,110,94
381,103,914,296,110,94
382,103,914,296,110,94
383,103,914,296,110,94
384,103,914,296,110,94
385,103,914,296,110,94
386,103,915,297,109,93
387,103,915,297,109,93
387,145,882,430,435,173
388,103,916,298,107,92
388,145,687,415,429,171
389,103,915,297,109,93
389,145,507,406,410,163
390,103,916,297,108,93
390,145,337,399,395,156
391,103,916,297,108,93
391,145,178,390,381,150
392,103,916,297,108,93
392,145,30,381,368,146
393,103,916,298,108,92
393,145,-74,369,360,146
394,103,917,298,106,92
394,145,-218,360,349,141
395,103,917,298,107,92
395,145,-363,350,340,138
396,103,917,298,107,91
396,145,-507,341,329,133
397,103,917,298,107,91
397,145,-652,332,320,129
398,103,918,298,106,91
398,145,-796,322,309,125
399,103,918,298,106,91
399,145,-940,313,298,121
400,103,918,298,106,91
400,145,-1085,304,288,116
401,103,918,298,106,91
401,145,-1229,295,278,112
402,103,918,298,106,91
402,145,-1374,285,268,108
403,103,918,298,106,91
403,145,-1518,276,257,104
404,103,918,298,106,91
404,145,-1663,267,247,100
405,103,919,298,105,91
405,145,-1807,257,237,96
406,103,919,298,105,91
406,145,-1951,248,226,92
407,103,919,298,105,90
407,145,-2096,239,216,87
408,103,919,298,105,90
408,145,-2240,229,205,84
409,103,919,298,105,90
409,145,-2385,220,196,79
410,103,919,298,105,90
410,145,-2529,211,185,75
411,103,916,297,108,92
411,145,-2674,201,175,71
411,151,1524,492,207,154
412,103,916,296,108,94
412,145,-2818,192,164,67
412,151,1462,485,212,157
413,103,916,296,108,94
413,145,-2962,183,154,62
413,151,1400,477,217,161
414,103,916,296,108,94
414,145,-3107,173,144,59
414,151,1338,470,221,164
414,152,897,453,391,144
415,103,916,296,108,94
415,145,-3251,164,133,54
415,151,1276,462,226,168
415,152,721,441,384,141
416,103,915,296,109,94
416,145,-3396,155,124,50
416,151,1214,455,231,171
416,152,562,430,369,135
417,103,915,296,109,95
417,145,-3540,146,113,45
417,151,1152,447,236,175
417,152,407,421,359,131
418,103,916,297,107,94
418,145,-3684,136,102,42
418,151,1090,440,241,178
418,152,265,414,344,126
419,103,916,297,107,94
419,145,-3829,127,92,37
419,151,1028,432,245,182
419,152,127,405,337,123
420,103,916,298,106,92
420,145,-3973,118,82,33
420,151,966,425,250,185
420,152,-1,396,329,122
421,103,917,298,105,92
421,145,-4118,108,72,29
421,151,904,417,255,189
421,152,-81,389,312,119
422,103,916,298,107,92
422,145,-4262,99,61,25
422,151,842,410,260,193
422,152,-208,381,303,115
423,103,916,298,107,92
423,145,-4407,90,51,20
423,151,780,402,264,197
423,152,-336,372,297,113
424,103,916,298,107,92
424,151,717,395,270,200
424,152,-463,364,288,109
425,103,916,298,107,92
425,151,655,387,275,204
425,152,-591,355,280,107
426,103,916,298,108,92
426,151,593,380,280,207
426,152,-718,347,272,103
427,103,916,298,108,92
427,151,531,372,284,211
427,152,-846,338,264,100
428,103,916,298,108,92
428,151,469,365,289,214
428,152,-973,330,255,97
429,103,916,298,108,93
429,151,407,357,294,218
429,152,-1101,321,248,94
430,103,916,296,108,94
430,151,345,350,299,221
430,152,-1228,313,239,91
431,103,916,296,108,94
431,151,283,342,303,225
431,152,-1356,305,231,87
432,103,914,294,112,96
432,151,221,335,308,228
432,152,-1483,296,223,85
433,103,915,295,110,95
433,151,159,327,313,232
433,152,-1611,288,215,81
434,103,916,295,108,95
434,151,97,320,318,236
434,152,-1738,279,206,79
435,103,916,295,108,95
435,151,35,313,322,239
435,152,-1866,271,198,75
436,103,916,295,109,95
436,151,-26,305,326,243
436,152,-1994,262,191,73
437,103,915,295,110,95
437,151,-88,298,331,246
437,152,-2121,254,182,69
438,103,915,295,110,96
438,151,-150,290,336,250
438,152,-2249,245,174,67
439,103,915,295,110,96
439,151,-212,283,340,253
439,152,-2376,237,166,63
440,103,915,295,110,96
440,151,-274,275,345,257
440,152,-2504,229,158,59
441,103,915,295,110,96
441,151,-336,268,350,260
441,152,-2631,220,149,57
442,103,915,294,110,97
442,152,-2759,212,142,53
443,103,915,294,110,97
443,152,-2886,203,133,51
444,103,915,294,110,97
444,152,-3014,195,125,47
445,103,915,294,110,97
445,152,-3141,186,116,45
446,103,915,294,111,97
446,152,-3269,178,109,41
447,103,915,294,111,97
447,152,-3396,170,100,38
448,103,915,294,111,97
448,152,-3524,161,92,35
449,103,915,294,110,97
449,152,-3651,153,84,32
450,103,915,293,110,98
450,152,-3779,144,76,29
451,103,915,293,110,98
451,152,-3906,136,67,25
452,103,915,293,110,98
453,103,917,297,107,94
454,103,918,297,105,94
455,103,918,298,105,93
456,103,916,296,108,95
457,103,916,295,108,96
458,103,916,295,108,96
459,103,918,297,105,94
460,103,917,295,107,96
461,103,917,294,107,97
461,155,836,150,57,43
462,103,916,294,109,97
462,155,836,151,57,43
463,103,916,294,109,97
463,155,838,151,58,43
464,103,916,294,109,97
464,155,840,151,59,44
465,103,916,294,109,97
465,155,842,151,58,44
466,103,916,294,109,97
466,155,843,152,58,43
467,103,919,298,104,93
467,155,842,152,61,46
468,103,918,298,105,93
468,155,844,153,62,45
469,103,918,299,104,92
469,155,844,153,63,46
470,103,917,298,106,93
470,155,845,153,63,47
471,103,917,298,106,93
471,155,846,153,64,48
472,103,917,298,106,93
472,155,847,154,63,48
473,103,917,298,106,93
473,155,847,155,63,47
474,103,917,298,106,93
474,155,848,154,63,48
475,103,917,298,106,93
475,155,849,155,62,47
476,103,917,298,106,93
476,155,850,156,61,46
477,103,917,298,106,93
477,155,850,156,62,47
478,103,917,298,106,93
478,155,851,156,63,47
479,103,917,298,107,93
479,155,853,157,62,47
480,103,917,298,106,93
480,155,853,157,63,48
481,103,917,298,106,93
481,155,854,158,63,47
482,103,917,298,106,93
482,155,855,158,63,48
483,103,917,299,106,92
483,155,856,159,63,48
484,103,918,299,105,92
484,155,857,159,63,48
485,103,917,299,106,92
485,155,858,159,63,49
486,103,917,299,106,92
486,155,859,160,63,48
487,103,917,299,106,92
487,155,859,160,65,49
488,103,917,299,106,92
488,155,860,161,65,48
489,103,917,299,106,92
489,155,861,161,65,49
490,103,917,299,106,92
490,155,862,161,65,50
491,103,917,299,106,92
491,155,863,162,65,49
492,103,917,299,106,92
492,155,864,162,65,50
493,103,917,299,106,92
493,155,865,163,65,49
494,103,918,299,105,92
494,155,865,163,66,50
495,103,917,299,106,92
495,155,866,163,66,51
496,103,917,299,106,92
496,155,867,164,66,50
497,103,917,299,107,92
497,155,868,164,66,51
498,103,917,299,107,92
498,155,858,162,59,45
499,103,917,299,107,92
499,155,858,162,59,45
500,103,917,299,107,92
500,155,859,162,58,45
501,103,917,299,107,92
501,155,859,162,59,45
502,103,917,299,107,92
502,155,859,163,59,44
503,103,917,299,107,92
503,155,860,163,58,44
504,103,917,298,107,93
504,155,860,163,58,44
505,103,917,298,107,93
505,155,860,163,58,45
506,103,917,298,107,93
506,155,861,163,57,45
507,103,917,298,107,93
507,155,861,164,58,44
508,103,917,298,107,93
508,155,861,164,58,44
509,103,917,298,107,93
509,155,861,164,58,44
510,103,917,298,107,93
510,155,862,164,57,44
511,103,916,298,108,93
511,155,862,165,57,43
512,103,916,297,108,94
512,155,862,165,57,43
513,103,916,297,108,94
513,155,863,165,57,44
514,103,916,297,108,94
514,155,863,165,57,44
515,103,917,297,107,94
515,155,863,166,57,43
516,103,917,297,107,94
516,155,864,166,56,43
517,103,917,297,107,94
517,155,864,166,56,43
518,103,917,297,107,94
518,155,864,166,56,43
519,103,917,297,107,94
519,155,864,167,56,42
520,103,917,297,107,93
520,155,865,167,56,43
521,103,917,297,107,93
521,155,865,167,56,43
522,103,917,297,106,93
522,155,865,167,56,43
523,103,916,297,108,94
523,155,866,168,55,42
524,103,917,298,106,93
524,155,866,168,55,42
525,103,917,298,106,93
525,155,866,168,55,42
526,103,917,298,106,93
526,155,867,168,55,42
527,103,917,298,106,93
527,155,867,169,55,41
528,103,916,297,108,93
528,155,867,169,55,42
529,103,916,297,108,93
530,103,916,297,107,93
531,103,916,297,107,93
532,103,916,297,107,93
533,103,916,297,107,93
534,103,916,297,107,93
534,156,1458,789,444,288
535,103,916,298,107,92
535,156,1445,753,450,295
536,103,916,297,108,93
536,156,1445,716,425,283
537,103,916,297,108,93
537,156,1450,683,393,265
538,103,916,297,107,93
538,156,1456,654,359,246
539,103,916,297,107,93
539,156,1460,625,330,230
540,103,917,298,106,92
540,156,1463,601,305,215
541,103,917,298,106,92
541,156,1463,578,284,203
541,157,453,790,463,287
542,103,917,298,106,91
542,156,1461,556,268,195
542,157,419,760,491,308
543,103,916,298,108,92
543,156,1458,538,252,184
543,157,401,732,481,305
544,103,917,297,107,93
544,156,1455,522,236,175
544,157,388,705,458,292
545,103,917,297,108,93
545,156,1451,507,225,168
545,157,375,680,431,278
546,103,917,297,108,92
546,156,1446,491,215,162
546,157,363,657,402,262
547,103,917,297,107,92
547,156,1440,476,206,155
547,157,344,634,382,251
548,103,917,298,106,92
548,156,1432,461,199,151
548,157,322,613,365,239
549,103,917,298,106,92
549,156,1425,448,192,146
549,157,298,593,351,230
550,103,916,298,107,92
550,156,1420,436,181,139
550,157,273,576,334,219
551,103,917,298,106,92
551,156,1413,423,175,135
551,157,246,561,322,210
552,103,917,298,106,91
552,156,1407,410,170,132
552,157,215,544,314,204
553,103,917,298,106,91
553,156,1399,399,163,127
553,157,186,531,303,196
554,103,917,298,105,91
554,156,1392,389,157,121
554,157,154,518,295,189
555,103,917,298,106,91
555,156,1383,378,152,118
555,157,124,507,285,180
556,103,917,298,106,91
556,156,1376,369,147,114
556,157,92,495,277,173
557,103,916,298,107,92
557,156,1367,360,143,110
557,157,57,484,272,168
558,103,916,298,107,92
558,156,1359,351,140,108
558,157,23,476,266,161
559,103,916,299,107,92
559,156,1352,342,134,103
559,157,0,464,260,159
560,103,916,298,107,92
560,156,1344,333,132,101
560,157,-17,454,250,154
561,103,916,298,108,92
561,156,1336,326,126,97
561,157,-32,445,239,151
562,103,916,298,108,92
562,156,1328,320,122,92
562,157,-41,437,218,142
563,103,916,297,108,93
563,156,1319,312,118,91
563,157,-49,434,193,132
564,103,916,298,107,92
564,156,1309,303,118,90
564,157,-71,423,184,126
565,103,916,298,107,92
565,156,1301,298,115,86
565,157,-93,413,174,119
566,103,916,298,107,92
566,156,1292,291,112,85
566,157,-115,402,165,113
567,103,916,299,107,91
567,156,1284,284,110,82
567,157,-137,391,155,106
568,103,916,299,107,92
568,156,1276,278,107,80
568,157,-159,380,146,100
569,103,916,299,107,91
569,156,1267,272,106,79
569,157,-181,370,137,93
570,103,916,299,107,91
570,156,1260,267,102,75
570,157,-203,359,127,87
571,103,916,299,107,91
571,156,1250,259,102,75
571,157,-225,348,118,80
572,103,916,299,107,91
572,156,1241,252,101,75
572,157,-247,337,108,74
573,103,916,299,107,91
573,156,1235,249,98,71
573,157,-269,327,99,67
574,103,916,299,107,91
574,156,1227,244,94,69
574,157,-291,316,89,61
575,103,916,299,107,91
575,156,1218,239,93,68
575,157,-313,305,80,55
575,159,1829,441,69,111
576,103,916,299,106,91
576,156,1209,235,93,66
576,157,-335,294,70,48
576,159,1811,431,76,119
577,103,917,299,106,91
577,156,1202,230,91,65
577,157,-357,283,61,42
577,159,1787,418,92,138
578,103,917,299,106,90
578,156,1194,224,90,65
578,157,-379,273,51,35
578,159,1768,409,101,144
579,103,917,299,106,90
579,156,1186,220,87,62
579,157,-401,262,42,29
579,159,1750,401,110,145
580,103,917,299,106,90
580,156,1178,215,87,62
580,157,-423,251,32,22
580,159,1732,395,118,142
581,103,917,299,106,90
581,156,1171,212,87,61
581,157,-446,240,24,16
581,159,1708,390,124,137
582,103,917,299,106,90
582,156,1162,208,85,59
582,157,-468,230,14,9
582,159,1679,382,131,135
583,103,917,299,106,90
583,156,1156,204,83,58
583,157,-490,219,5,3
583,159,1648,374,139,134
584,103,916,299,108,91
584,156,1149,201,80,56
584,157,-512,208,-5,-3
584,159,1619,368,144,131
585,103,916,299,108,91
585,156,1142,199,79,54
585,157,-534,197,-14,-10
585,159,1591,361,150,130
586,103,917,299,106,91
586,156,1134,194,78,54
586,157,-556,187,-24,-17
586,159,1564,353,154,128
587,103,917,299,106,91
587,156,1127,189,78,55
587,157,-578,176,-33,-23
587,159,1540,348,156,125
588,103,917,299,106,91
588,156,1120,186,77,53
588,157,-600,165,-43,-29
588,159,1518,342,153,121
589,103,917,298,107,91
589,156,1112,182,76,52
589,157,-622,154,-52,-36
589,159,1495,336,157,120
590,103,917,297,107,92
590,156,1105,180,74,50
590,157,-644,143,-62,-42
590,159,1476,329,156,117
591,103,916,297,109,92
591,156,1099,176,73,50
591,157,-666,133,-71,-49
591,159,1457,323,158,117
592,103,916,297,109,92
592,156,1091,173,73,50
592,157,-688,122,-81,-55
592,159,1440,318,155,113
593,103,916,296,109,93
593,156,1084,171,72,49
593,157,-710,111,-90,-61
593,159,1421,312,154,112
594,103,916,296,109,93
594,156,1076,167,72,49
594,159,1404,305,151,109
595,103,916,298,108,92
595,156,1069,164,71,48
595,159,1389,300,149,106
596,103,917,298,107,92
596,156,1061,161,70,47
596,159,1374,293,148,105
597,103,917,298,107,92
597,156,1056,160,68,45
597,159,1360,289,144,102
598,103,917,299,106,92
598,156,1050,158,65,43
598,159,1345,285,142,100
599,103,917,298,107,93
599,156,1041,155,67,44
599,159,1332,279,139,98
600,103,916,295,109,95
600,156,1036,153,66,44
600,159,1319,274,136,96
601,103,915,294,110,96
601,156,1030,150,64,43
601,159,1309,270,130,92
602,103,915,293,111,97
602,156,1024,148,63,42
602,159,1297,267,127,89
603,103,915,293,111,97
603,156,1016,145,64,43
603,159,1284,261,126,88
604,103,915,293,111,96
604,156,1008,145,63,41
604,159,1272,255,125,88
605,103,915,292,111,97
605,156,1002,143,61,40
605,159,1261,250,123,87
606,103,917,297,106,92
606,156,997,143,58,37
606,159,1251,246,120,85
607,103,917,297,106,92
607,156,990,141,57,37
607,159,1242,241,117,83
608,103,915,295,109,95
608,156,983,139,57,36
608,159,1229,236,115,82
609,103,915,294,110,96
609,156,974,136,58,36
609,159,1216,231,113,80
610,103,915,293,110,97
610,156,969,134,57,35
610,159,1219,230,106,75
611,103,915,292,110,99
611,156,962,133,55,35
611,159,1211,225,104,75
612,103,914,292,112,99
612,156,956,132,55,34
612,159,1203,221,103,75
613,103,914,292,112,99
613,156,949,130,54,33
613,159,1196,219,100,72
614,103,917,297,106,94
614,156,943,128,53,33
614,159,1188,214,100,73
615,103,918,298,104,92
615,156,937,127,51,31
615,159,1181,210,97,71
616,103,917,297,106,93
616,156,930,125,50,30
616,159,1172,206,95,69
617,103,917,297,106,93
617,156,920,124,53,32
617,159,1163,201,92,68
618,103,917,297,106,93
618,156,913,123,52,31
618,159,1153,197,91,66
619,103,917,297,106,93
619,156,906,121,51,31
619,159,1144,193,88,64
620,103,917,297,106,94
620,156,899,119,50,30
620,159,1134,188,87,63
621,103,917,297,106,94
621,156,893,118,48,29
621,159,1125,184,84,62
622,103,917,297,106,94
622,156,886,116,48,29
622,159,1115,180,83,60
623,103,916,297,107,94
623,156,879,114,47,28
623,159,1106,176,80,58
624,103,916,297,107,94
624,156,872,112,46,28
624,159,1096,171,79,57
625,103,916,297,107,94
625,156,865,111,45,27
625,159,1087,167,76,55
626,103,916,297,107,94
626,156,858,109,44,26
626,159,1117,176,82,60
627,103,916,297,107,94
627,156,852,107,43,26
627,159,1110,173,80,59
628,103,914,303,109,96
628,156,845,106,42,25
628,159,1107,170,76,57
629,103,913,304,111,97
629,156,838,104,41,25
629,159,1102,168,75,56
630,103,913,304,112,99
630,156,831,102,40,24
630,159,1095,165,76,57
631,103,912,305,113,99
631,156,824,100,39,24
631,159,1089,162,75,56
631,166,865,159,54,50
632,103,911,306,114,100
632,156,818,99,38,23
632,159,1083,159,73,54
632,166,865,159,54,50
633,103,910,307,115,101
633,156,811,97,37,22
633,159,1077,156,72,53
633,166,864,159,55,51
634,103,909,308,115,102
634,156,804,95,36,22
634,159,1070,153,71,52
634,166,864,159,55,51
635,103,908,309,116,102
635,156,797,94,35,21
635,159,1064,154,70,52
635,166,864,159,55,52
636,103,908,310,117,105
636,156,790,92,34,20
636,159,1059,153,69,50
636,166,863,159,56,52
637,103,906,312,119,106
637,156,784,90,33,20
637,159,1053,150,67,50
637,166,863,159,55,52
638,103,906,315,118,106
638,156,777,88,32,20
638,159,1047,148,66,48
638,166,864,159,55,51
639,103,904,318,120,107
639,156,770,87,31,18
639,159,1041,146,65,48
639,166,864,159,55,51
640,103,903,321,119,107
640,156,763,85,30,18
640,159,1034,144,66,48
640,166,864,159,55,50
641,103,900,323,121,108
641,156,756,83,29,18
641,159,1027,141,66,48
641,166,864,160,54,49
642,103,896,324,125,111
642,156,750,82,28,16
642,159,1022,140,64,47
642,166,865,160,53,49
643,103,895,328,125,112
643,156,743,80,27,16
643,159,1016,139,63,46
643,166,865,161,53,48
644,103,892,330,128,114
644,156,736,78,26,16
644,159,1010,139,60,43
644,166,865,161,53,48
645,103,889,333,130,116
645,156,729,76,25,16
645,159,1005,138,58,42
645,166,865,161,52,48
646,103,887,338,130,115
646,156,722,75,25,14
646,159,996,134,61,43
646,166,865,161,52,48
647,103,885,344,130,115
647,156,716,73,23,14
647,159,990,132,62,44
647,166,865,162,52,47
648,103,879,348,135,118
648,159,983,129,62,45
648,166,865,161,53,48
649,103,874,350,139,122
649,159,976,128,62,44
649,166,865,161,53,48
650,103,868,354,143,126
650,159,970,125,60,43
650,166,865,161,53,48
651,103,865,362,142,124
651,159,964,125,58,41
651,166,865,161,53,48
652,103,857,368,148,128
652,159,958,123,56,41
652,166,865,161,53,48
652,169,929,267,117,130
653,103,851,374,149,129
653,159,951,122,56,39
653,166,865,161,53,48
653,169,929,273,115,127
654,103,844,378,155,134
654,159,945,120,55,39
654,166,865,161,53,48
654,169,938,300,95,103
655,103,837,385,158,136
655,159,937,118,58,41
655,166,865,161,53,48
655,169,927,283,113,123
656,103,829,392,162,140
656,159,931,117,56,40
656,166,865,162,53,47
656,169,923,280,120,130
657,103,820,400,167,143
657,159,925,118,55,38
657,166,865,162,53,47
657,169,919,281,123,133
658,103,810,405,172,147
658,159,919,117,53,38
658,166,865,162,53,47
658,169,916,282,127,137
659,103,800,414,177,151
659,159,912,116,53,37
659,166,865,162,52,47
659,169,913,283,131,141
660,103,790,423,180,153
660,159,906,114,52,37
660,166,865,162,52,47
660,169,911,288,131,140
661,103,779,431,187,158
661,159,900,113,51,36
661,166,865,162,52,47
661,169,908,293,134,143
662,103,767,440,191,160
662,159,897,115,46,32
662,166,865,162,52,47
662,169,904,297,137,144
663,103,753,450,198,166
663,159,889,114,47,32
663,166,865,162,52,47
663,169,899,299,142,151
664,103,738,461,205,171
664,159,883,113,46,31
664,166,866,162,51,47
664,169,895,303,145,153
665,103,722,470,213,177
665,159,876,110,50,33
665,166,866,163,51,46
665,169,891,306,147,155
666,103,703,480,223,184
666,159,870,109,49,32
666,166,866,163,51,46
666,169,885,310,152,160
667,103,682,491,235,194
667,159,864,107,48,33
667,166,866,163,51,46
667,169,877,316,156,163
668,103,660,505,245,202
668,159,858,106,47,32
668,166,866,163,51,46
668,169,870,321,161,167
669,103,636,519,257,212
669,159,852,105,47,31
669,166,866,163,51,46
669,169,864,328,163,170
670,103,608,535,270,222
670,159,846,103,46,31
670,166,866,163,51,46
670,169,856,332,167,172
671,103,580,554,281,229
671,159,840,102,45,31
671,166,866,163,51,46
671,169,847,337,173,177
672,103,547,573,299,243
672,159,834,101,44,30
672,166,866,163,50,46
672,169,838,341,179,184
672,171,930,219,91,83
673,103,510,592,318,259
673,159,827,100,44,29
673,166,866,163,50,46
673,169,832,354,179,183
673,171,929,222,93,84
674,103,469,615,338,275
674,159,821,98,44,29
674,166,866,164,50,45
674,169,820,357,189,192
674,171,927,220,98,89
675,103,425,641,357,289
675,159,815,97,43,29
675,166,866,164,50,45
675,169,808,359,198,202
675,171,927,223,99,89
676,103,375,670,383,310
676,159,809,96,42,28
676,166,866,164,50,45
676,169,797,371,201,203
676,171,928,227,97,87
677,103,320,701,411,332
677,159,803,94,41,28
677,166,866,164,50,45
677,169,782,374,213,216
677,171,927,229,98,88
678,103,270,736,417,333
678,159,797,93,40,28
678,166,866,164,50,45
678,169,770,383,218,221
678,171,926,230,100,90
679,103,227,774,401,309
679,159,791,92,40,27
679,169,755,392,226,228
679,171,927,233,99,89
680,103,199,816,366,269
680,159,785,91,39,26
680,169,740,401,232,235
680,171,925,237,101,90
680,173,842,335,154,108
681,103,176,862,327,224
681,159,778,89,39,26
681,169,721,411,242,243
681,171,923,237,105,95
681,173,830,340,162,113
682,103,156,916,276,168
682,159,772,88,38,26
682,169,703,419,252,254
682,171,922,238,107,97
682,173,825,346,165,117
683,103,134,943,260,159
683,159,766,87,37,25
683,169,680,430,266,266
683,171,922,241,107,98
683,173,817,353,168,120
683,174,866,160,60,53
684,103,112,971,244,149
684,159,760,85,37,25
684,169,655,442,279,279
684,171,922,247,106,96
684,173,809,359,171,123
684,174,866,160,61,54
685,103,90,998,227,139
685,159,754,84,36,24
685,169,628,456,291,289
685,171,921,249,107,97
685,173,798,364,175,128
685,174,866,161,60,52
686,103,68,1026,211,129
686,159,748,83,35,24
686,169,599,471,308,305
686,171,917,247,112,102
686,173,789,369,181,134
686,174,866,162,60,51
687,103,46,1054,195,119
687,159,742,82,34,23
687,169,566,488,326,322
687,171,915,249,114,105
687,173,781,375,184,137
687,174,866,162,60,51
688,103,23,1081,180,110
688,159,736,80,33,23
688,169,528,505,347,343
688,171,914,253,115,106
688,173,773,385,184,138
688,174,866,163,61,52
689,103,1,1109,164,100
689,159,729,79,34,22
689,169,489,523,370,366
689,171,912,256,116,107
689,173,763,394,186,140
689,174,867,163,61,52
690,103,-20,1137,147,90
690,159,723,78,33,22
690,169,446,545,395,390
690,171,908,257,122,113
690,173,751,401,190,144
690,174,867,161,62,53
691,103,-42,1164,131,81
691,159,717,76,32,22
691,169,396,564,429,425
691,171,906,261,123,114
691,173,741,411,193,147
691,174,868,161,64,54
692,103,-64,1192,115,71
692,159,711,75,31,21
692,169,344,592,454,449
692,171,903,265,123,115
692,173,729,421,197,150
692,174,869,161,65,55
693,103,-86,1220,99,61
693,159,705,74,30,20
693,169,298,623,458,448
693,171,901,270,124,116
693,173,715,429,202,155
693,174,870,160,66,56
694,103,-109,1247,85,52
694,159,699,73,30,20
694,169,256,658,447,425
694,171,899,273,126,118
694,173,700,439,208,159
694,174,869,159,68,57
695,103,-131,1275,68,42
695,159,693,71,29,20
695,169,210,694,430,390
695,171,893,277,130,122
695,173,683,448,215,166
695,174,870,159,67,57
696,103,-153,1303,52,31
696,169,181,738,404,346
696,171,892,286,127,118
696,173,665,459,222,171
696,174,871,161,68,57
697,103,-175,1330,36,22
697,169,139,785,377,299
697,171,888,292,128,119
697,173,646,468,229,177
697,174,873,165,66,55
698,103,-197,1358,20,12
698,169,119,841,333,241
698,171,882,296,132,122
698,173,626,480,237,183
698,174,875,167,64,54
699,103,-219,1386,4,2
699,169,95,868,317,230
699,171,878,300,134,125
699,173,604,492,247,192
699,174,877,168,64,53
700,103,-242,1413,-11,-7
700,169,71,896,301,218
700,171,870,301,142,132
700,173,579,506,259,200
700,174,880,170,63,52
701,103,-264,1441,-27,-17
701,169,48,924,283,206
701,171,864,305,147,136
701,173,552,521,271,210
701,174,882,171,63,51
702,103,-286,1468,-43,-26
702,169,24,952,267,194
702,171,859,310,149,139
702,173,522,536,285,222
702,174,883,172,65,52
702,175,827,147,58,46
703,103,-308,1496,-60,-36
703,169,0,980,251,182
703,171,851,314,155,144
703,173,491,555,298,231
703,174,883,173,68,53
703,175,827,147,57,46
704,103,-330,1524,-76,-46
704,169,-22,1008,233,170
704,171,843,318,160,149
704,173,457,575,313,244
704,174,885,173,68,54
704,175,828,147,57,45
705,103,-352,1551,-92,-55
705,169,-46,1036,217,158
705,171,835,324,164,154
705,173,418,594,330,258
705,174,885,174,68,54
705,175,828,147,56,45
706,103,-374,1579,-108,-65
706,169,-70,1064,200,146
706,171,825,330,169,158
706,173,375,618,353,275
706,174,886,175,69,54
706,175,829,147,56,45
707,103,-396,1607,-124,-76
707,169,-93,1092,183,133
707,171,817,340,169,158
707,173,329,645,372,291
707,174,889,176,68,54
707,175,828,147,59,47
708,103,-419,1634,-139,-85
708,169,-117,1120,167,121
708,171,807,346,174,163
708,173,276,675,397,311
708,174,890,179,68,53
708,175,828,148,59,47
709,103,-441,1662,-155,-95
709,169,-140,1148,150,109
709,171,797,355,178,166
709,173,219,704,423,333
709,174,894,181,66,52
709,175,828,148,60,47
710,103,-463,1690,-172,-105
710,169,-164,1176,135,97
710,171,785,362,185,172
710,173,169,738,426,333
710,174,895,181,70,54
710,175,828,148,61,48
711,103,-485,1717,-188,-114
711,169,-188,1204,118,85
711,171,772,369,191,178
711,173,123,774,410,312
711,174,898,182,70,54
711,175,830,148,61,49
712,103,-507,1745,-204,-124
712,169,-211,1232,101,73
712,171,758,375,199,185
712,173,86,817,376,271
712,174,897,181,75,58
712,175,831,148,61,49
713,169,-235,1259,85,62
713,171,742,382,207,192
713,173,73,864,328,222
713,174,899,182,75,58
713,175,831,148,61,49
714,169,-259,1287,69,50
714,171,727,391,213,198
714,173,69,914,272,171
714,174,901,183,75,58
714,175,832,149,59,48
715,169,-282,1315,52,38
715,171,710,401,220,203
715,173,47,942,256,161
715,174,903,184,75,58
715,175,833,149,60,48
716,169,-306,1343,35,26
716,171,691,410,229,211
716,173,24,969,242,152
716,174,906,188,74,57
716,175,834,149,61,50
717,169,-329,1371,18,14
717,171,669,418,241,221
717,173,1,997,228,142
717,174,907,189,76,58
717,175,835,150,61,49
718,169,-353,1399,2,2
718,171,648,428,251,230
718,173,-20,1024,211,133
718,174,910,191,76,57
718,175,837,150,60,49
719,169,-377,1427,-14,-10
719,171,622,438,265,241
719,173,-43,1052,197,123
719,174,912,192,77,57
719,175,837,151,62,49
720,169,-400,1455,-31,-23
720,171,595,450,279,254
720,173,-65,1079,181,115
720,174,914,193,77,58
720,175,838,151,63,50
721,169,-424,1483,-47,-35
721,171,565,462,295,269
721,173,-88,1107,167,105
721,174,916,196,77,57
721,175,840,152,62,50
722,169,-448,1511,-64,-47
722,171,533,477,309,281
722,173,-110,1134,151,96
722,174,919,197,77,58
722,175,841,153,62,49
723,169,-471,1539,-81,-59
723,171,498,494,324,296
723,173,-133,1161,137,87
723,174,920,198,80,59
723,175,842,154,61,49
724,169,-495,1567,-97,-71
724,171,458,511,344,313
724,173,-156,1189,124,77
724,174,921,199,81,60
724,175,843,155,62,49
725,169,-518,1595,-114,-83
725,171,419,534,358,325
725,173,-178,1216,108,68
725,174,923,200,82,60
725,175,844,156,62,49
726,169,-542,1622,-130,-94
726,171,370,553,386,351
726,173,-201,1244,94,59
726,174,924,199,85,63
726,175,845,155,66,53
727,169,-566,1650,-147,-106
727,171,317,578,412,374
727,173,-223,1271,78,50
727,174,928,200,85,64
727,175,846,156,66,52
728,169,-589,1678,-164,-118
728,171,260,602,442,402
728,173,-246,1299,64,40
728,174,932,203,84,63
728,175,848,156,67,54
729,171,200,633,467,423
729,173,-269,1326,50,31
729,174,935,205,85,63
729,175,849,157,68,54
730,171,151,666,461,411
730,173,-291,1354,34,21
730,174,936,207,86,64
730,175,851,160,68,52
731,171,100,701,446,384
731,173,-314,1381,20,12
731,174,938,209,87,65
731,175,855,160,68,53
732,171,70,743,416,343
732,173,-336,1409,4,3
732,174,940,210,89,66
732,175,857,161,69,53
733,171,55,787,377,299
733,173,-359,1436,-10,-6
733,174,943,215,86,65
733,175,859,162,70,53
734,171,48,836,326,247
734,173,-382,1464,-24,-16
734,174,944,217,87,66
734,175,860,162,71,55
735,171,23,862,315,239
735,173,-404,1491,-40,-25
735,174,946,220,87,65
735,175,861,163,73,57
736,171,0,888,303,230
736,173,-427,1518,-54,-34
736,174,949,223,86,65
736,175,862,165,74,58
736,180,690,413,242,226
737,171,-25,913,292,223
737,173,-449,1546,-70,-44
737,174,951,225,85,65
737,175,865,167,73,57
737,180,682,418,246,231
738,171,-50,939,282,215
738,173,-472,1573,-84,-52
738,174,952,227,88,66
738,175,868,168,73,58
738,180,643,433,270,252
739,171,-75,965,271,207
739,173,-495,1601,-99,-62
739,174,952,229,90,68
739,175,872,170,72,57
739,180,615,447,283,264
740,171,-100,991,261,198
740,173,-517,1628,-114,-71
740,174,951,231,90,69
740,175,874,171,71,56
740,180,597,456,292,274
741,171,-125,1016,250,191
741,173,-540,1656,-128,-81
741,174,949,233,92,72
741,175,877,173,72,57
741,180,578,465,302,283
742,171,-150,1042,240,183
742,173,-562,1683,-144,-90
742,174,948,237,91,70
742,175,878,174,74,58
742,180,560,475,312,291
743,171,-175,1068,229,175
743,173,-585,1711,-158,-100
743,174,944,239,92,72
743,175,880,176,74,59
743,180,541,484,322,300
744,171,-200,1094,219,166
744,173,-608,1738,-173,-108
744,174,941,242,93,73
744,175,881,177,76,61
744,180,434,542,367,341
745,171,-225,1119,209,159
745,174,938,244,95,75
745,175,884,179,76,61
745,180,406,556,380,353
746,171,-250,1145,199,151
746,174,936,247,96,75
746,175,886,181,75,60
746,180,326,590,424,391
747,171,-275,1171,188,143
747,174,930,250,99,77
747,175,887,182,78,62
747,180,264,622,454,415
748,171,-300,1197,178,134
748,174,924,254,100,77
748,175,889,183,79,64
748,180,230,639,470,431
749,171,-325,1223,167,126
749,174,914,256,103,80
749,175,890,184,82,67
749,180,196,657,487,445
750,171,-350,1248,157,119
750,174,907,259,106,81
750,175,891,187,81,66
750,180,161,674,504,461
750,181,819,142,59,44
751,171,-374,1274,145,110
751,174,898,262,108,83
751,175,892,189,81,66
751,180,127,691,520,476
751,181,820,143,60,44
752,171,-399,1300,135,102
752,174,889,268,108,82
752,175,893,189,82,69
752,180,93,708,537,492
752,181,822,143,59,45
753,171,-424,1326,124,94
753,174,877,272,112,84
753,175,895,194,80,66
753,180,58,725,554,507
753,181,826,146,56,41
754,171,-449,1351,114,87
754,174,864,274,116,85
754,175,896,197,81,67
754,180,24,743,571,521
754,181,829,146,55,42
755,171,-474,1377,103,78
755,174,849,278,120,87
755,175,898,199,82,68
755,180,-9,760,586,537
755,181,828,147,58,44
756,171,-499,1403,93,70
756,174,832,281,126,90
756,175,899,200,82,70
756,180,-43,777,602,552
756,181,829,148,60,45
757,171,-524,1429,82,62
757,174,813,285,131,92
757,175,900,202,83,70
757,180,-78,794,620,568
757,181,832,149,60,45
758,171,-549,1454,72,55
758,174,793,291,133,91
758,175,901,204,84,71
758,180,-112,811,636,583
758,181,836,151,58,44
759,171,-574,1480,61,46
759,174,770,294,139,94
759,175,902,206,85,72
759,180,-146,829,652,598
759,181,838,152,59,44
760,171,-599,1506,51,38
760,174,744,299,146,95
760,175,903,207,86,74
760,180,-181,846,670,613
760,181,839,153,61,45
761,171,-624,1532,40,30
761,174,717,303,152,97
761,175,904,209,87,74
761,180,-215,863,686,629
761,181,841,154,61,46
762,171,-649,1557,29,23
762,174,685,307,160,100
762,175,906,216,85,73
762,180,-249,880,702,644
762,181,843,156,61,46
763,171,-674,1583,19,14
763,174,652,313,166,100
763,175,907,220,84,72
763,180,-283,897,719,659
763,181,845,157,63,47
764,171,-699,1609,8,6
764,174,615,316,175,103
764,175,907,224,86,73
764,180,-318,915,736,674
764,181,846,158,65,49
765,174,577,322,181,103
765,175,907,226,86,75
765,180,-352,932,752,689
765,181,848,160,65,49
766,174,535,327,187,103
766,175,906,228,88,78
766,180,-386,949,769,705
766,181,849,161,67,49
767,174,491,331,193,104
767,175,906,232,88,78
767,180,-421,966,786,720
767,181,852,162,67,50
768,174,443,336,201,104
768,175,906,235,90,78
768,180,-455,983,803,736
768,181,855,164,67,50
769,174,394,342,205,103
769,175,900,237,93,83
769,180,-489,1001,819,750
769,181,857,167,67,50
770,174,339,346,214,104
770,175,900,243,91,80
770,180,-523,1018,835,765
770,181,860,170,66,49
771,174,283,350,222,105
771,175,898,246,93,83
771,180,-558,1035,853,781
771,181,861,172,67,50
772,174,226,354,229,105
772,175,895,249,95,85
772,180,-592,1052,869,796
772,181,862,173,69,51
773,174,161,356,240,107
773,175,892,252,99,89
773,180,-626,1069,885,812
773,181,864,174,69,53
774,174,102,356,248,109
774,175,889,256,101,91
774,180,-661,1087,903,826
774,181,865,176,71,54
775,174,43,358,252,108
775,175,888,259,103,92
775,180,-695,1104,919,842
775,181,867,179,71,53
776,174,0,361,251,108
776,175,887,262,104,94
776,180,-729,1121,935,857
776,181,869,181,71,54
777,174,-26,363,236,104
777,175,881,269,109,98
777,180,-763,1138,952,873
777,181,869,183,74,56
778,174,-49,364,221,102
778,175,879,274,108,98
778,181,870,185,76,59
779,174,-67,367,199,97
779,175,874,280,111,100
779,181,872,188,77,59
780,174,-104,370,198,96
780,175,870,283,115,105
780,181,874,191,77,60
781,174,-142,373,197,96
781,175,867,289,116,106
781,181,877,196,74,58
782,174,-179,376,196,95
782,175,864,294,119,110
782,181,878,198,75,58
782,182,835,154,58,48
783,174,-217,379,196,95
783,175,861,302,120,111
783,181,879,201,76,58
783,182,838,156,59,49
784,174,-254,382,195,94
784,175,856,308,124,115
784,181,879,203,78,61
784,182,841,158,59,49
785,174,-291,385,193,93
785,175,849,315,128,118
785,181,880,205,79,62
785,182,844,160,59,48
786,174,-329,388,193,93
786,175,843,321,131,122
786,181,881,208,81,64
786,182,847,162,59,48
787,174,-366,390,191,93
787,175,835,328,136,126
787,181,881,211,84,66
787,182,849,164,58,47
788,174,-403,393,190,93
788,175,827,336,139,129
788,181,881,213,84,67
788,182,852,167,58,47
789,174,-441,396,189,92
789,175,817,345,143,132
789,181,883,218,81,66
789,182,855,169,58,47
790,174,-478,399,188,91
790,175,806,354,148,137
790,181,884,222,82,66
790,182,857,170,58,47
791,174,-516,402,187,91
791,175,797,362,153,141
791,181,883,225,84,67
791,182,858,172,62,50
792,174,-553,405,186,90
792,175,784,371,162,150
792,181,883,227,85,69
792,182,860,174,64,51
793,174,-590,408,184,90
793,175,772,381,167,154
793,181,883,230,87,71
793,182,863,176,63,51
794,174,-628,411,184,89
794,175,759,393,170,157
794,181,882,232,90,74
794,182,865,178,64,52
795,174,-665,414,182,88
795,175,743,403,178,164
795,181,881,236,92,75
795,182,870,180,64,51
796,174,-702,417,181,88
796,175,728,416,183,167
796,181,879,240,91,75
796,182,871,181,65,52
797,174,-740,420,180,87
797,175,708,429,192,175
797,181,878,244,92,76
797,182,872,182,67,53
798,174,-777,423,179,87
798,175,687,441,202,184
798,181,876,249,93,77
798,182,874,184,69,55
799,174,-815,426,178,86
799,175,662,452,215,194
799,181,873,252,96,80
799,182,875,188,70,55
800,174,-852,429,177,85
800,175,635,466,229,206
800,181,872,257,98,81
800,182,876,189,73,58
801,174,-889,432,175,85
801,175,601,479,249,224
801,181,870,262,98,82
801,182,877,191,75,60
802,174,-927,435,175,84
802,175,568,495,264,238
802,181,870,269,98,82
802,182,879,195,77,60
803,174,-964,438,173,84
803,175,530,515,281,253
803,181,866,273,102,86
803,182,882,198,75,60
804,174,-1001,441,172,83
804,175,490,540,298,266
804,181,862,276,105,90
804,182,883,201,77,61
805,174,-1039,444,171,82
805,175,444,565,317,283
805,181,859,282,105,89
805,182,883,203,78,62
806,174,-1076,447,170,82
806,175,389,593,343,306
806,181,853,287,108,92
806,182,885,206,79,63
807,174,-1114,450,169,81
807,175,330,626,369,330
807,181,848,293,112,95
807,182,886,208,81,65
808,174,-1151,453,168,81
808,175,261,662,401,358
808,181,843,299,114,97
808,182,889,211,80,65
809,174,-1188,456,166,80
809,175,196,703,412,363
809,181,837,305,116,98
809,182,891,215,80,65
810,175,137,748,394,336
810,181,829,309,122,104
810,182,892,217,82,66
811,175,89,800,362,291
811,181,822,315,126,107
811,182,892,220,84,68
812,175,72,863,301,226
812,181,815,321,129,110
812,182,894,222,84,69
813,175,41,890,298,223
813,181,807,329,133,113
813,182,894,225,85,70
814,175,11,917,293,220
814,181,799,338,135,114
814,182,895,229,84,70
815,175,-19,943,289,218
815,181,787,345,142,119
815,182,893,232,85,71
816,175,-50,970,286,215
816,181,778,354,144,120
816,182,893,236,86,73
817,175,-80,997,281,212
817,181,764,362,151,126
817,182,893,239,87,73
818,175,-111,1024,278,209
818,181,753,371,154,129
818,182,892,242,89,75
819,175,-141,1051,274,206
819,181,741,381,160,133
819,182,890,245,89,75
820,175,-172,1078,270,203
820,181,729,390,165,137
820,182,887,247,91,79
821,175,-202,1104,266,201
821,181,712,399,173,143
821,182,883,251,93,79
822,175,-233,1131,263,198
822,181,696,409,181,148
822,182,878,255,94,79
822,183,687,98,49,37
823,175,-263,1158,259,195
823,181,679,420,186,153
823,182,873,258,95,80
823,183,689,98,50,38
824,175,-294,1185,256,192
824,181,660,430,194,158
824,182,867,263,96,79
824,183,691,97,51,39
825,175,-325,1212,253,189
825,181,639,443,203,165
825,182,857,266,100,82
825,183,693,97,51,40
826,175,-355,1239,248,186
826,181,618,455,210,170
826,182,846,270,103,82
826,183,695,97,52,41
827,175,-386,1266,245,183
827,181,595,466,220,177
827,182,831,273,110,85
827,183,697,97,53,41
828,175,-416,1292,241,181
828,181,569,480,233,187
828,182,817,276,115,88
828,183,698,97,55,42
829,175,-447,1319,237,178
829,181,541,495,245,196
829,182,801,278,121,90
829,183,700,97,55,43
829,184,844,142,76,60
830,175,-477,1346,233,175
830,181,512,510,259,208
830,182,785,282,126,92
830,183,702,97,56,43
830,184,847,143,78,61
831,175,-508,1373,230,172
831,181,478,525,275,220
831,182,766,286,131,93
831,183,704,97,57,44
831,184,849,144,79,62
832,175,-538,1400,225,169
832,181,443,546,290,231
832,182,745,291,136,93
832,183,706,97,57,45
832,184,855,150,78,61
833,175,-569,1427,222,166
833,181,405,568,306,245
833,182,722,295,141,94
833,183,708,97,58,45
833,184,858,152,79,62
834,175,-600,1453,219,164
834,181,362,592,324,259
834,182,697,298,149,96
834,183,710,97,59,46
834,184,861,153,80,64
835,175,-630,1480,214,161
835,181,316,617,345,277
835,182,668,301,157,98
835,183,712,97,60,46
835,184,863,155,82,65
836,175,-661,1507,211,158
836,181,263,647,369,296
836,182,639,307,162,98
836,183,713,97,61,47
836,184,865,158,84,66
837,175,-691,1534,206,155
837,181,207,679,393,315
837,182,607,310,170,100
837,183,715,97,62,48
837,184,867,160,85,68
838,175,-722,1561,203,152
838,181,147,715,418,336
838,182,575,315,177,101
838,183,717,97,63,48
838,184,870,164,84,67
839,175,-752,1588,199,149
839,181,97,752,412,324
839,182,541,318,184,103
839,183,719,97,63,49
839,184,873,166,86,69
840,175,-783,1615,195,146
840,181,62,795,380,288
840,182,504,324,189,101
840,183,721,97,64,50
840,184,875,168,88,70
841,175,-813,1641,191,144
841,181,50,844,336,243
841,182,466,330,194,100
841,183,723,97,65,50
841,184,878,170,88,71
842,175,-844,1668,188,141
842,181,50,898,274,187
842,182,422,332,208,102
842,183,725,97,66,51
842,184,879,175,89,72
843,181,25,926,265,180
843,182,380,336,212,101
843,183,727,97,66,52
843,184,882,177,90,73
844,181,1,953,256,174
844,182,331,338,222,103
844,183,728,97,68,52
844,184,882,180,92,76
845,181,-22,980,246,168
845,182,286,341,227,103
845,183,730,97,69,53
845,184,884,183,93,76
846,181,-47,1008,237,161
846,182,238,345,234,103
846,183,732,97,69,54
846,184,883,185,96,81
847,181,-71,1035,228,155
847,182,187,347,240,103
847,183,734,97,70,54
847,184,885,188,98,82
848,181,-95,1062,219,150
848,182,139,349,244,103
848,183,736,97,71,55
848,184,887,194,97,81
849,181,-119,1089,209,144
849,182,87,351,250,103
849,183,738,97,72,55
849,184,889,196,98,83
850,181,-144,1117,201,137
850,182,34,354,254,102
850,183,740,97,72,56
850,184,891,199,100,84
851,181,-168,1144,192,131
851,182,0,357,251,101
851,183,741,97,74,57
851,184,893,202,101,85
852,181,-192,1171,183,125
852,182,-22,357,238,98
852,183,743,97,75,57
852,184,895,205,102,86
853,181,-216,1199,174,118
853,182,-43,358,226,97
853,184,888,212,105,90
854,181,-241,1226,166,112
854,182,-59,363,206,92
854,184,889,218,105,90
855,181,-265,1253,156,107
855,182,-92,365,205,92
855,184,888,223,107,93
856,181,-289,1281,147,100
856,182,-125,368,203,92
856,184,887,226,109,96
857,181,-314,1308,139,94
857,182,-158,371,202,91
857,184,886,231,110,97
858,181,-338,1335,129,88
858,182,-191,374,200,90
858,184,884,236,112,99
859,181,-362,1362,120,82
859,182,-223,377,199,89
859,184,881,240,116,104
860,181,-386,1390,111,75
860,182,-256,380,197,88
860,184,881,243,118,106
861,181,-411,1417,102,69
861,182,-289,382,196,88
861,184,881,247,120,108
862,181,-435,1444,93,64
862,182,-322,385,194,87
862,184,880,251,123,110
863,181,-459,1472,84,57
863,182,-355,388,192,86
863,184,865,262,129,117
864,181,-484,1499,75,51
864,182,-388,391,191,85
864,184,859,269,133,121
865,181,-508,1526,66,45
865,182,-421,394,189,84
865,184,854,276,135,124
866,181,-532,1554,57,38
866,182,-454,397,188,83
866,184,852,281,138,126
867,181,-556,1581,47,32
867,182,-486,399,185,84
867,184,842,288,144,133
868,181,-581,1608,39,26
868,182,-519,402,184,83
868,184,839,293,147,135
869,181,-605,1635,30,21
869,182,-552,405,182,82
869,184,826,305,153,141
870,181,-629,1663,20,14
870,182,-585,408,181,81
870,184,816,314,158,146
870,188,689,98,45,34
871,181,-654,1690,12,8
871,182,-618,411,179,80
871,184,804,322,164,152
871,188,692,99,47,34
872,181,-678,1717,3,2
872,182,-651,413,178,80
872,184,791,332,170,157
872,188,696,99,45,35
873,182,-684,416,176,79
873,184,780,343,174,162
873,188,699,100,45,34
874,182,-717,419,175,78
874,184,765,353,182,168
874,188,702,101,45,34
875,182,-750,422,173,77
875,184,748,364,192,176
875,188,705,101,45,34
876,182,-782,425,171,76
876,184,732,377,200,183
876,188,709,102,44,34
877,182,-815,428,169,75
877,184,713,389,208,190
877,188,712,103,44,33
878,182,-848,430,168,76
878,184,690,403,219,198
878,188,715,103,44,34
879,182,-881,433,166,75
879,184,664,415,232,209
879,188,718,104,44,33
880,182,-914,436,165,74
880,184,635,429,247,221
880,188,721,105,44,33
881,182,-947,439,163,73
881,184,602,446,265,235
881,188,725,105,43,33
882,182,-980,442,161,72
882,184,562,463,286,252
882,188,728,106,43,33
883,182,-1013,445,160,71
883,184,521,484,307,269
883,188,731,107,43,32
884,182,-1046,447,158,71
884,184,474,508,330,287
884,188,734,107,43,32
885,184,420,535,357,308
885,188,737,108,43,32
886,184,398,549,368,317
886,188,741,109,42,31
887,184,375,562,380,327
887,188,744,109,42,32
888,184,353,575,391,337
888,188,747,110,41,31
889,184,330,589,402,346
889,188,750,111,41,31
890,184,307,602,414,356
890,188,753,111,41,31
891,184,285,615,425,366
891,188,757,112,40,31
892,184,262,629,436,375
892,188,760,113,40,30
893,184,240,642,447,385
893,188,763,113,40,31
894,184,217,655,459,395
894,188,766,114,40,30
895,184,195,668,470,405
895,188,769,115,40,30
896,184,172,682,481,414
896,188,773,116,39,29
897,184,150,695,492,424
897,188,776,116,39,30
898,184,127,708,504,434
898,188,779,117,39,29
899,184,105,722,515,443
899,188,782,118,39,29
900,184,82,735,526,453
900,188,785,118,39,29
901,184,59,748,538,463
901,188,830,131,69,53
902,184,37,762,549,472
902,188,835,134,68,53
903,184,14,775,560,482
903,188,839,135,67,53
904,184,-7,788,570,492
904,188,842,136,68,54
904,197,802,256,137,118
905,184,-30,801,582,502
905,188,845,138,68,54
905,197,795,257,140,119
906,184,-52,815,593,511
906,188,848,139,70,56
906,197,790,258,140,120
907,184,-75,828,604,521
907,188,852,139,71,58
907,197,783,259,143,122
908,184,-97,841,615,531
908,188,855,141,71,59
908,197,778,261,143,122
909,184,-120,855,627,540
909,188,857,142,72,60
909,197,774,262,143,122
910,184,-142,868,638,550
910,188,861,145,71,59
910,197,770,263,145,122
911,184,-165,881,649,560
911,188,864,146,71,59
911,197,766,262,148,124
912,184,-187,895,660,569
912,188,868,150,69,58
912,197,763,262,150,125
913,184,-210,908,672,579
913,188,870,151,71,60
913,197,761,264,150,124
914,184,-233,921,683,589
914,188,872,152,72,61
914,197,758,264,152,125
915,184,-255,934,694,599
915,188,874,152,75,64
915,197,755,265,153,125
916,188,877,153,75,65
916,197,753,265,154,126
917,188,879,155,77,67
917,197,749,265,156,127
918,188,882,157,77,67
918,197,750,265,156,126
919,188,883,159,78,68
919,197,749,265,156,126
920,188,885,162,78,69
920,197,746,265,157,127
921,188,888,165,76,67
921,197,744,266,157,127
922,188,889,164,79,72
922,197,748,265,158,127
923,188,892,167,79,71
923,197,748,265,158,126
924,188,893,168,81,73
924,197,748,265,159,127
925,188,895,170,81,74
925,197,748,265,160,127
926,188,896,171,82,75
926,197,748,265,160,127
927,188,899,175,81,74
927,197,747,265,160,127
928,188,901,179,80,73
928,197,747,265,160,126
929,188,903,181,80,73
929,197,746,265,160,126
930,188,903,181,82,75
930,197,745,266,160,125
931,188,904,183,84,76
931,197,745,266,160,126
932,188,906,184,84,78
932,197,743,266,162,126
933,188,909,188,82,77
933,197,742,267,162,126
934,188,909,190,85,79
934,197,741,268,161,125
935,188,911,194,84,77
935,197,740,268,161,125
936,188,911,194,87,80
936,197,738,269,162,124
937,188,911,196,88,81
937,197,735,269,163,125
938,188,911,198,89,83
938,197,732,268,165,126
939,188,911,200,89,84
939,197,730,269,165,126
940,188,911,201,91,85
940,197,726,270,167,126
941,188,913,204,90,85
941,197,723,271,168,126
942,188,913,204,91,87
942,197,720,273,168,125
943,188,914,206,91,88
943,197,716,273,170,127
944,188,915,208,92,88
944,197,711,275,170,126
945,188,915,210,94,89
945,197,709,276,170,125
945,201,23,467,175,212
946,188,916,213,92,89
946,197,695,276,174,127
946,201,43,456,188,223
947,188,916,215,93,89
947,197,685,277,176,127
947,201,68,452,196,224
948,188,916,216,94,91
948,197,673,278,181,129
948,201,90,448,208,226
949,188,916,218,95,92
949,197,661,279,184,130
949,201,107,440,215,233
950,188,916,221,96,93
950,197,649,282,186,130
950,201,125,432,220,240
951,188,918,223,93,92
951,197,635,284,189,130
951,201,142,424,227,247
952,188,917,223,95,95
952,197,619,285,193,132
952,201,159,416,234,253
953,188,917,225,97,95
953,197,602,286,199,134
953,201,177,408,239,260
954,188,917,226,97,96
954,197,582,290,201,133
954,201,194,400,246,267
954,205,172,443,546,221
955,188,917,228,96,96
955,197,562,293,205,133
955,201,211,392,253,274
955,205,230,439,543,221
