0,188,917,230,97,96
0,197,551,294,206,134
0,201,229,384,258,281
0,205,289,429,570,237
1,188,918,232,97,97
1,197,541,296,206,134
1,201,246,376,265,288
1,205,295,437,592,255
2,188,918,233,98,98
2,197,530,297,207,135
2,201,433,460,253,276
2,205,327,435,609,263
2,207,-46,717,254,333
3,188,918,235,99,99
3,197,520,299,207,135
3,201,434,477,263,289
3,205,360,433,626,270
3,207,-51,766,219,293
4,188,919,237,99,99
4,197,509,301,209,135
4,201,421,498,277,306
4,205,392,431,643,278
4,207,-62,795,215,288
5,188,919,239,100,100
5,197,499,302,209,136
5,201,402,525,291,324
5,205,424,430,660,285
5,207,-73,824,211,283
6,188,919,241,101,100
6,197,488,304,210,136
6,201,374,552,313,350
6,205,456,428,678,292
6,207,-84,854,207,277
7,188,919,242,102,102
7,197,478,305,210,137
7,201,344,585,334,377
7,205,489,426,694,300
7,207,-95,883,203,272
7,211,520,356,206,211
8,188,920,244,102,102
8,197,467,307,212,137
8,201,309,624,360,409
8,205,521,424,712,307
8,207,-106,912,199,267
8,211,505,369,219,225
9,188,920,246,103,103
9,197,457,308,212,138
9,201,284,669,356,400
9,205,553,423,729,314
9,207,-117,942,195,261
9,211,487,386,231,235
10,188,920,248,104,103
10,197,446,310,213,138
10,201,267,720,333,361
10,205,586,421,746,322
10,207,-128,971,190,256
10,211,476,398,239,243
11,188,920,249,105,105
11,197,436,311,213,139
11,201,253,783,300,302
11,205,618,419,763,329
11,207,-139,1001,186,250
11,211,452,424,258,263
12,188,921,251,105,105
12,197,425,313,214,139
12,201,256,860,248,225
12,205,650,417,780,337
12,207,-150,1030,182,245
12,211,431,446,274,281
12,212,264,345,185,176
13,188,921,253,106,106
13,197,415,314,215,140
13,201,261,887,239,218
13,205,682,416,798,344
13,207,-162,1059,179,240
13,211,408,470,291,298
13,212,247,354,191,182
14,188,921,255,107,106
14,197,405,316,215,140
14,201,266,915,230,209
14,205,715,414,814,351
14,207,-173,1089,175,234
14,211,382,497,311,320
14,212,228,364,198,190
15,188,921,256,108,108
15,197,394,317,216,141
15,201,271,943,220,201
15,205,747,412,832,359
15,207,-184,1118,172,229
15,211,352,526,335,345
15,212,214,371,204,195
16,188,922,258,108,108
16,197,384,319,216,141
16,201,276,971,211,192
16,205,779,410,849,367
16,207,-195,1147,168,224
16,211,316,557,363,375
16,212,201,378,210,200
17,188,922,260,109,109
17,197,373,320,217,142
17,201,281,999,202,184
17,205,811,409,866,373
17,207,-206,1177,164,218
17,211,274,592,396,412
17,212,187,385,216,206
18,188,922,262,110,109
18,197,363,322,218,142
18,201,285,1027,194,175
18,205,844,407,883,381
18,207,-217,1206,159,213
18,211,236,630,415,432
18,212,174,392,221,211
19,188,923,264,110,110
19,197,352,324,219,142
19,201,290,1054,184,168
19,205,876,405,900,388
19,207,-228,1235,155,208
19,211,211,678,402,409
19,212,161,398,227,217
20,188,923,265,111,111
20,197,342,325,219,143
20,201,295,1082,175,159
20,205,908,403,918,396
20,207,-239,1265,151,202
20,211,196,733,369,359
20,212,79,450,256,244
21,188,923,267,112,112
21,197,331,327,220,143
21,201,300,1110,166,151
21,205,940,402,935,403
21,207,-250,1294,147,197
21,211,191,799,326,295
21,212,48,467,267,256
22,188,923,269,113,112
22,197,321,328,221,144
22,201,305,1138,156,143
22,205,973,400,952,410
22,207,-261,1323,143,191
22,211,172,829,329,297
22,212,16,488,278,267
23,188,924,271,113,113
23,197,310,330,222,144
23,201,309,1166,148,134
23,205,1005,398,969,418
23,207,-273,1353,140,185
23,211,153,860,331,299
23,212,-11,509,290,282
24,188,924,272,114,114
24,197,300,331,222,145
24,201,314,1193,139,127
24,205,1037,396,986,426
24,207,-284,1382,136,180
24,211,134,890,334,301
24,212,-30,533,299,298
25,188,924,274,115,115
25,197,289,333,223,145
25,201,319,1221,130,118
25,205,1070,394,1003,433
25,207,-295,1411,132,175
25,211,115,920,336,303
25,212,-50,559,306,315
26,188,924,276,116,115
26,197,279,334,223,146
26,201,324,1249,120,110
26,205,1102,393,1020,440
26,207,-306,1441,128,169
26,211,96,951,338,305
26,212,-69,586,315,340
27,188,925,278,116,116
27,197,268,336,225,146
27,201,329,1277,111,101
27,205,1134,391,1038,448
27,207,-317,1470,123,164
27,211,77,981,341,307
27,212,-86,621,318,363
28,188,925,279,117,117
28,197,258,337,225,147
28,201,334,1305,102,93
28,205,1166,389,1055,455
28,207,-328,1499,119,159
28,211,58,1011,343,310
28,212,-109,639,329,374
29,188,925,281,118,118
29,197,247,339,226,147
29,201,338,1332,94,85
29,205,1199,387,1072,463
29,207,-339,1529,115,153
29,211,40,1042,345,311
29,212,-132,657,340,386
30,201,343,1360,84,77
30,205,1231,386,1089,469
30,207,-350,1558,111,148
30,211,21,1072,347,313
30,212,-155,674,351,399
31,201,348,1388,75,68
31,205,1263,384,1106,477
31,207,-361,1587,107,143
31,211,2,1102,349,316
31,212,-178,692,362,411
32,201,353,1416,66,60
32,207,-372,1617,103,137
32,211,-16,1133,351,317
32,212,-201,710,373,423
33,201,358,1444,57,51
33,207,-383,1646,99,132
33,211,-35,1163,353,320
33,212,-223,727,382,436
34,201,362,1471,48,44
34,211,-54,1193,355,322
34,212,-246,745,393,448
35,201,367,1499,39,36
35,211,-73,1224,358,323
35,212,-269,763,404,460
36,201,372,1527,30,27
36,211,-92,1254,360,326
36,212,-292,781,415,472
37,201,377,1555,21,19
37,211,-111,1284,363,328
37,212,-315,798,426,485
38,201,382,1583,11,10
38,211,-130,1315,365,330
38,212,-338,816,437,497
39,201,387,1611,2,2
39,211,-149,1345,367,332
39,212,-361,834,448,509
40,201,391,1638,-6,-6
40,211,-168,1375,370,334
40,212,-384,851,459,522
41,201,396,1666,-16,-14
41,211,-187,1406,372,336
41,212,-407,869,469,533
42,201,401,1694,-25,-23
42,211,-205,1436,374,338
42,212,-430,887,480,545
43,211,-224,1466,376,341
43,212,-452,905,490,557
44,211,-243,1497,378,342
44,212,-475,922,501,570
45,211,-262,1527,381,345
45,212,-498,940,512,582
46,211,-281,1557,383,347
46,212,-521,958,523,594
47,211,-300,1588,386,348
47,212,-544,975,535,607
48,211,-319,1618,388,351
48,212,-567,993,545,619
49,211,-338,1648,390,353
49,212,-590,1011,556,631
50,211,-357,1679,393,355
50,212,-613,1028,567,644
51,211,-376,1709,395,357
51,212,-636,1046,578,656
52,212,-659,1064,589,668
53,212,-682,1082,600,679
54,212,-704,1099,610,692
55,212,-727,1117,620,704
56,212,-750,1135,631,716
57,212,-773,1152,642,729
65,215,129,273,85,31
66,215,108,273,85,32
67,215,84,274,85,32
68,215,61,277,85,31
69,215,42,280,78,29
70,215,18,283,77,28
71,215,0,285,74,27
72,215,-19,286,72,27
73,215,-39,288,72,27
74,215,-59,289,71,27
75,215,-78,291,70,26
76,215,-98,293,70,26
77,215,-118,294,69,26
78,215,-138,296,69,25
79,215,-158,298,68,25
80,215,-177,299,67,25
81,215,-197,301,66,24
82,215,-217,303,65,24
83,215,-237,304,65,24
84,215,-256,306,63,23
85,215,-276,308,63,23
86,215,-296,309,62,23
87,215,-316,311,62,22
88,215,-336,312,61,23
89,215,-355,314,59,22
90,215,-375,316,59,22
90,219,434,225,141,131
91,215,-395,317,58,22
91,219,414,229,152,143
92,215,-415,319,58,21
92,219,400,234,158,148
92,220,1516,826,414,247
93,215,-434,321,56,21
93,219,379,239,175,163
93,220,1499,809,441,264
94,215,-454,322,56,21
94,219,354,247,191,178
94,220,1490,800,454,273
95,215,-474,324,55,20
95,219,328,256,208,194
95,220,1484,793,462,281
96,215,-494,326,54,20
96,219,311,262,217,203
96,220,1474,785,477,289
97,215,-514,327,54,20
97,219,293,268,227,212
97,220,1464,776,492,298
98,215,-533,329,52,19
98,219,275,274,237,221
98,220,1470,787,471,287
99,215,-553,331,52,19
99,219,257,280,247,231
99,220,1466,783,475,292
100,215,-573,332,51,19
100,219,239,286,257,240
100,220,1465,779,475,295
101,215,-593,334,50,18
101,219,222,292,267,249
101,220,1463,777,476,297
102,219,204,298,277,259
102,220,1461,774,477,299
102,223,11,383,378,339
103,219,186,304,287,268
103,220,1454,762,488,310
103,223,-45,405,441,399
104,219,168,310,297,277
104,220,1447,756,497,316
104,223,-98,443,498,460
105,219,150,316,307,286
105,220,1459,766,479,306
105,223,-147,454,557,514
106,219,132,322,318,296
106,220,1460,769,472,303
106,223,-196,465,616,568
107,219,115,328,327,305
107,220,1459,768,471,304
107,223,-245,476,674,623
108,219,97,333,337,315
108,220,1455,764,476,308
108,223,-294,487,733,677
109,219,79,339,347,325
109,220,1450,761,482,311
109,223,-343,499,792,730
110,219,61,345,357,334
110,220,1446,758,487,314
110,223,-392,510,850,784
111,219,43,351,368,343
111,220,1442,755,491,317
111,223,-441,521,909,839
112,219,26,357,377,352
112,220,1438,751,496,321
112,223,-490,532,968,893
113,219,8,363,387,362
113,220,1459,766,470,306
113,223,-539,543,1027,947
114,219,-9,369,396,371
114,220,1461,767,466,304
114,223,-589,554,1086,1002
115,219,-27,375,406,380
115,220,1463,767,464,304
115,223,-638,566,1145,1055
116,219,-45,381,417,390
116,220,1465,767,462,304
116,223,-687,577,1204,1109
117,219,-62,387,426,399
117,220,1466,767,460,304
117,223,-736,588,1262,1163
118,219,-80,393,436,408
118,220,1465,766,461,305
118,223,-785,599,1321,1218
119,219,-98,399,446,417
119,220,1466,767,459,304
119,223,-834,610,1380,1272
120,219,-116,405,456,427
120,220,1467,766,457,305
120,223,-883,621,1438,1326
121,219,-134,411,467,436
121,220,1466,766,458,305
121,223,-932,633,1497,1380
121,231,1765,366,106,171
122,219,-152,417,477,445
122,220,1466,766,457,305
122,223,-981,644,1556,1434
122,231,1733,340,106,162
123,219,-169,423,486,455
123,220,1465,766,458,305
123,223,-1030,655,1614,1488
123,231,1682,319,105,148
124,219,-187,429,496,464
124,220,1466,766,456,305
124,223,-1079,666,1673,1542
124,231,1631,301,104,139
125,219,-205,434,506,474
125,220,1467,766,455,305
125,223,-1128,677,1732,1597
125,231,1582,285,103,129
126,220,1468,766,455,306
126,223,-1177,688,1790,1651
126,231,1539,271,103,121
127,220,1467,766,456,306
127,223,-1226,699,1849,1705
127,231,1500,255,105,116
128,220,1467,766,457,306
128,223,-1275,711,1908,1759
128,231,1464,246,104,109
129,220,1470,766,453,306
129,223,-1324,722,1966,1813
129,231,1429,233,107,107
130,220,1469,766,454,306
130,223,-1374,733,2026,1867
130,231,1402,225,102,98
131,220,1470,766,452,306
131,223,-1423,744,2085,1921
131,231,1376,218,101,93
132,220,1470,766,452,306
132,223,-1472,755,2144,1976
132,231,1353,211,99,88
132,235,1099,175,116,90
133,220,1470,766,451,306
133,223,-1521,766,2202,2030
133,231,1330,205,98,84
133,235,1094,172,115,90
134,220,1470,766,450,306
134,223,-1570,778,2261,2083
134,231,1310,199,95,81
134,235,1089,172,101,79
135,220,1470,766,450,306
135,231,1289,190,96,80
135,235,1081,167,100,78
136,220,1470,766,450,305
136,231,1272,185,94,75
136,235,1075,164,96,75
137,220,1472,768,448,304
137,231,1256,180,93,74
137,235,1069,162,93,72
138,220,1472,768,448,304
138,231,1241,175,91,71
138,235,1064,159,89,70
139,220,1471,767,448,305
139,231,1229,171,87,66
139,235,1058,156,86,67
139,236,1650,488,179,194
140,220,1471,767,449,305
140,231,1214,163,88,68
140,235,1053,154,81,64
140,236,1587,445,166,175
141,220,1470,767,450,305
141,231,1200,157,91,69
141,235,1047,151,78,61
141,236,1526,409,157,160
142,220,1471,767,448,305
142,231,1193,157,83,64
142,235,1041,149,75,58
142,236,1473,378,148,147
143,220,1470,767,449,305
143,231,1184,156,78,59
143,235,1036,146,71,55
143,236,1427,351,142,137
144,220,1470,767,449,306
144,231,1174,153,76,56
144,235,1034,142,79,61
144,236,1387,329,137,127
144,237,591,158,91,85
145,220,1470,766,450,307
145,231,1164,150,74,55
145,235,1030,140,77,60
145,236,1351,312,131,118
145,237,587,158,94,88
146,220,1469,766,451,307
146,231,1155,146,74,56
146,235,1027,138,75,58
146,236,1320,296,126,110
146,237,575,163,97,92
147,220,1470,766,450,307
147,231,1147,143,73,54
147,235,1022,136,72,56
147,236,1291,280,121,104
147,237,568,170,98,92
148,220,1470,766,450,306
148,231,1140,141,70,51
148,235,1018,133,69,54
148,236,1269,269,114,95
148,237,560,175,100,93
149,220,1470,766,450,306
149,231,1135,141,65,47
149,235,1013,130,67,53
149,236,1250,257,112,91
149,237,550,179,103,97
150,220,1471,766,449,306
150,231,1129,139,63,45
150,235,1008,128,65,50
150,236,1228,246,108,86
150,237,543,182,106,99
151,220,1471,766,449,306
151,231,1124,137,60,44
151,235,1003,125,62,49
151,236,1212,236,104,82
151,237,529,185,113,107
152,220,1471,766,449,306
152,231,1118,136,58,42
152,235,1007,128,65,51
152,236,1197,227,100,78
152,237,521,188,116,110
153,220,1472,766,449,307
153,231,1111,132,60,44
153,235,1004,126,65,51
153,236,1182,219,96,74
153,237,505,198,120,114
154,220,1473,766,448,307
154,231,1105,130,60,43
154,235,1002,125,63,50
154,236,1167,211,95,72
154,237,494,206,123,117
155,220,1473,766,448,307
155,231,1100,129,56,40
155,235,998,123,62,49
155,236,1152,203,95,72
155,237,480,213,129,122
156,220,1473,766,448,307
156,231,1095,126,55,40
156,235,994,121,61,48
156,236,1140,196,90,68
156,237,463,219,137,129
157,220,1473,766,448,307
157,231,1088,124,52,38
157,235,991,119,58,46
157,236,1130,192,88,65
157,237,446,227,144,136
158,220,1473,766,447,307
158,231,1081,121,50,37
158,235,987,118,57,44
158,236,1120,186,86,64
158,237,428,237,151,142
159,220,1472,766,448,307
159,231,1073,119,48,35
159,235,983,116,56,43
159,236,1110,181,85,63
159,237,408,245,160,152
160,220,1472,766,447,306
160,231,1066,116,46,33
160,235,980,114,54,42
160,236,1101,176,82,60
160,237,396,251,165,156
161,220,1472,767,445,305
161,231,1059,113,43,32
161,235,976,112,52,41
161,236,1093,172,78,58
161,237,364,271,177,166
162,220,1472,767,446,305
162,231,1067,117,48,35
162,235,973,110,50,39
162,236,1090,174,70,51
162,237,336,283,189,177
163,220,1472,767,446,304
163,231,1064,116,45,33
163,235,969,108,49,38
163,236,1082,172,69,48
163,237,305,298,203,190
164,220,1472,767,447,305
164,231,1061,114,44,32
164,235,965,106,47,37
164,236,1077,169,65,45
164,237,290,305,208,196
165,220,1471,766,448,306
165,231,1056,113,43,30
165,235,962,104,45,36
165,236,1073,167,60,41
165,237,236,334,231,215
166,220,1471,766,448,306
166,231,1055,113,42,31
166,235,958,102,44,35
166,236,1065,163,54,36
166,237,217,343,239,222
167,220,1470,766,450,306
167,231,1050,111,41,30
167,235,954,100,43,34
167,236,1056,158,49,33
167,237,199,353,246,229
168,220,1471,765,449,307
168,231,1046,110,39,29
168,235,951,99,40,31
168,236,1047,153,44,30
168,237,180,362,254,236
169,220,1471,766,449,307
169,231,1041,108,38,28
169,235,947,97,39,30
169,236,1039,149,38,26
169,237,161,371,262,243
169,239,1047,153,69,44
169,240,15,452,339,317
169,241,453,236,127,122
170,220,1473,766,447,306
170,231,1036,107,37,26
170,235,943,95,38,29
170,236,1030,144,33,22
170,237,143,380,268,250
170,239,1047,154,60,38
170,240,-14,470,352,330
170,241,435,245,133,129
171,220,1472,766,448,306
171,231,1035,109,41,30
171,235,940,93,35,28
171,236,1021,139,28,19
171,237,124,390,276,257
171,239,1042,151,58,37
171,240,-44,489,365,342
171,241,423,251,138,132
172,220,1472,766,448,306
172,231,1031,108,40,29
172,235,936,91,34,27
172,236,1013,135,22,15
172,237,105,399,284,264
172,239,1040,150,54,35
172,240,-74,507,379,355
172,241,412,257,142,136
173,220,1472,766,447,305
173,231,1027,107,39,29
173,235,932,89,33,25
173,236,1004,130,17,11
173,237,87,408,291,271
173,239,1037,148,51,33
173,240,-104,525,392,368
173,241,369,278,160,155
174,220,1472,766,447,305
174,231,1022,106,39,28
174,235,929,87,30,24
174,236,995,126,11,7
174,237,68,417,299,278
174,239,1034,147,49,31
174,240,-134,544,406,380
174,241,352,287,167,161
175,220,1473,766,447,305
175,231,1018,105,38,27
175,235,925,85,29,23
175,236,987,121,5,4
175,237,49,426,307,285
175,239,1031,146,46,29
175,240,-164,562,420,393
175,241,314,307,182,177
176,220,1473,766,446,305
176,231,1014,104,37,26
176,235,921,83,28,22
176,236,978,116,0,0
176,237,31,436,313,292
176,239,1029,144,42,27
176,240,-194,581,433,405
176,241,279,324,197,191
177,220,1473,767,447,304
177,231,1010,102,35,27
177,235,918,81,26,21
177,236,969,112,-5,-4
177,237,12,445,321,299
177,239,1019,141,49,30
177,240,-224,599,447,418
177,241,243,343,211,206
178,220,1472,766,448,306
178,231,1005,101,35,26
178,235,914,80,24,18
178,236,961,107,-11,-7
178,237,-6,454,328,306
178,239,1015,137,49,32
178,240,-254,617,460,431
178,241,200,366,229,223
179,220,1472,766,449,306
179,231,1001,100,34,25
179,235,910,78,23,17
179,236,952,102,-16,-10
179,237,-24,463,335,313
179,239,1009,134,52,33
179,240,-284,636,474,443
179,241,152,393,248,242
180,220,1472,766,449,306
180,231,997,99,33,24
180,235,907,76,21,16
180,236,943,98,-21,-15
180,237,-43,473,343,319
180,239,1005,132,51,32
180,240,-314,654,487,456
180,241,126,406,259,253
181,220,1472,765,449,308
181,231,993,98,32,24
181,235,903,74,19,15
181,236,935,93,-27,-18
181,237,-61,482,350,327
181,239,1001,130,50,31
181,240,-4,479,324,306
181,241,100,420,269,263
182,220,1472,765,449,308
182,231,988,97,32,23
182,235,899,72,18,14
182,236,926,88,-32,-21
182,237,-80,491,357,334
182,239,997,128,49,31
182,240,-34,512,340,332
182,241,74,433,280,274
183,220,1472,766,448,307
183,231,984,96,31,22
183,235,896,70,16,13
183,236,917,84,-37,-26
183,237,-99,500,365,341
183,239,993,126,48,30
183,240,-42,520,343,335
183,241,48,447,290,283
184,220,1472,766,448,307
184,231,980,94,30,22
184,235,892,68,14,11
184,236,909,79,-43,-29
184,237,-117,510,372,347
184,239,989,124,47,29
184,240,-51,527,347,339
184,241,22,460,301,294
185,220,1472,766,448,307
185,231,975,93,30,22
185,236,900,74,-48,-32
185,237,-136,519,380,354
185,239,985,122,46,29
185,240,-60,535,351,342
185,241,-3,473,310,305
186,220,1472,766,448,307
186,231,971,92,29,21
186,236,891,70,-53,-36
186,237,-155,528,388,362
186,239,982,120,44,28
186,240,-68,542,354,346
186,241,-29,487,321,314
187,220,1472,767,448,306
187,231,967,91,28,20
187,236,883,65,-59,-40
187,237,-173,537,395,369
187,239,978,118,43,27
187,240,-77,550,358,349
187,241,-54,500,331,325
188,220,1472,767,446,305
188,231,963,90,26,19
188,236,874,61,-64,-44
188,237,-192,547,402,375
188,239,974,116,42,27
188,240,-86,557,362,354
188,241,-80,514,341,335
189,220,1473,767,445,305
189,231,958,89,26,19
189,236,865,56,-69,-47
189,237,-211,556,410,382
189,239,970,114,41,26
189,240,-94,565,365,357
189,241,-106,527,352,346
190,220,1473,767,445,304
190,231,954,88,25,18
190,236,857,51,-76,-51
190,237,-229,565,417,389
190,239,966,111,40,26
190,240,-103,572,369,361
190,241,-132,541,362,355
191,220,1472,767,447,305
191,231,950,87,24,17
191,236,848,47,-81,-54
191,237,-248,574,425,397
191,239,962,109,39,25
191,240,-112,580,373,364
191,241,-158,554,373,366
192,220,1472,766,448,306
192,231,946,85,23,17
192,236,839,42,-86,-57
192,237,-267,584,433,403
192,239,958,107,38,25
192,240,-120,587,376,368
192,241,-184,567,384,377
193,220,1472,766,448,306
193,231,941,84,23,17
193,236,831,37,-92,-60
193,237,-285,593,440,410
193,239,969,116,40,26
193,240,-129,595,380,371
193,241,-210,581,394,386
194,220,1472,766,448,306
194,231,937,83,22,16
194,236,822,33,-97,-65
194,237,-304,602,447,417
194,239,967,117,38,24
194,240,-138,603,384,374
194,241,-236,594,405,397
195,220,1472,765,448,307
195,231,933,82,21,15
195,236,813,28,-102,-68
195,237,-322,611,454,424
195,239,964,116,37,23
195,240,-146,610,387,378
195,241,-262,608,415,407
196,220,1472,765,447,307
196,231,929,81,20,14
196,239,961,114,36,24
196,240,-155,618,391,382
196,241,-288,621,426,417
197,220,1473,766,446,305
197,231,924,80,20,14
197,239,962,117,33,21
197,240,-164,625,395,386
197,241,-314,635,437,427
198,220,1472,766,447,305
198,231,920,79,18,13
198,239,959,116,32,21
198,240,-172,633,398,389
198,241,-339,648,446,438
199,220,1472,766,447,305
199,231,916,77,17,13
199,239,957,115,30,20
199,240,-181,640,402,393
199,241,-365,661,457,449
200,220,1471,766,447,306
200,231,911,76,17,13
200,239,954,115,30,19
200,240,-190,648,406,396
200,241,-391,675,467,458
201,220,1470,766,448,306
201,231,907,75,16,12
201,239,952,114,28,18
201,240,-198,655,409,400
201,241,-417,688,478,469
202,220,1470,767,448,305
202,239,949,113,27,18
202,240,-207,663,413,403
202,241,-443,702,488,479
202,245,716,123,33,24
203,220,1471,767,447,305
203,239,944,113,33,20
203,240,-216,670,417,408
203,241,-469,715,499,489
203,245,715,122,34,25
204,220,1470,767,449,305
204,239,942,114,32,19
204,240,-224,678,420,411
204,241,-495,729,510,499
204,245,713,121,35,26
205,220,1470,767,449,305
205,239,940,113,32,20
205,240,-233,686,424,414
205,241,-521,742,521,510
205,245,711,121,37,28
206,220,1470,767,448,305
206,239,937,113,31,19
206,240,-242,693,428,418
206,241,-547,755,532,520
206,245,710,121,38,28
207,220,1470,767,448,305
207,239,935,112,30,19
207,240,-250,701,431,421
207,241,-573,769,542,530
207,245,706,121,41,29
208,220,1470,767,448,305
208,239,932,112,30,18
208,240,-259,708,435,425
208,241,-599,782,553,541
208,245,704,120,42,31
209,220,1470,767,448,305
209,239,929,111,30,19
209,240,-268,716,439,428
209,241,-625,796,564,551
209,245,702,119,43,32
210,220,1471,767,449,306
210,239,927,111,29,18
210,240,-276,723,442,432
210,245,701,119,44,33
211,220,1471,767,449,306
211,239,924,110,28,18
211,240,-285,731,446,436
211,245,699,119,46,33
212,220,1472,767,447,305
212,239,922,110,27,17
212,240,-294,738,450,440
212,245,698,118,46,35
213,220,1472,767,447,305
213,239,919,109,27,17
213,245,696,118,48,35
214,220,1471,767,448,305
214,239,916,109,27,16
214,245,694,118,49,36
215,220,1470,767,449,305
215,239,914,108,26,16
215,245,693,117,50,37
216,220,1470,766,450,306
216,239,911,108,26,15
216,245,691,117,52,38
217,220,1470,766,450,306
217,239,909,107,24,16
217,245,690,117,52,39
218,220,1470,766,450,307
218,239,906,107,24,15
218,245,683,131,45,34
219,220,1471,765,449,307
219,239,904,106,23,15
219,245,680,132,46,36
220,220,1471,765,449,307
220,239,890,106,32,21
220,245,677,133,48,36
221,220,1471,765,449,307
221,239,886,106,33,21
221,245,675,134,49,36
222,220,1472,765,448,306
222,239,883,106,33,21
222,245,670,136,52,41
223,220,1472,765,447,306
223,239,880,105,33,21
223,245,668,139,51,40
224,220,1472,766,447,304
224,239,877,105,33,21
224,245,665,140,53,41
225,220,1472,766,446,304
225,239,873,104,33,21
225,245,663,141,54,42
226,220,1471,766,447,304
226,239,870,104,33,21
226,245,660,142,55,43
227,220,1471,766,447,305
227,239,867,103,33,21
227,245,658,143,56,43
228,220,1471,766,447,305
228,239,863,103,34,21
228,245,655,144,57,44
229,220,1470,766,449,305
229,239,860,102,33,22
229,245,653,145,58,45
230,220,1470,766,449,305
230,239,857,102,33,21
230,245,650,146,59,46
231,220,1470,766,449,305
231,239,853,101,34,22
231,245,648,147,60,47
232,220,1470,766,449,305
232,239,850,101,34,21
232,245,645,148,62,48
232,247,731,153,67,56
233,220,1470,767,449,305
233,239,847,100,33,22
233,245,643,149,62,49
233,247,729,154,69,58
234,220,1470,767,449,305
234,239,844,100,33,21
234,245,640,150,64,49
234,247,728,155,69,59
235,220,1471,767,449,305
235,239,840,100,34,21
235,245,638,151,64,50
235,247,726,157,71,59
236,220,1471,767,449,305
236,239,837,99,34,22
236,245,635,152,66,51
236,247,718,164,76,65
236,248,523,207,96,83
237,220,1471,767,448,305
237,239,834,99,33,21
237,245,633,153,66,52
237,247,714,169,78,66
237,248,511,216,99,85
238,220,1471,767,449,305
238,239,830,98,34,22
238,245,631,154,67,53
238,247,711,171,81,69
238,248,498,223,104,90
239,220,1471,767,449,305
239,239,827,98,34,21
239,245,628,155,68,54
239,247,708,174,83,70
239,248,483,231,109,94
240,220,1472,767,448,305
240,239,824,97,34,22
240,245,626,156,69,54
240,247,705,177,85,72
240,248,466,239,116,99
241,220,1472,767,447,305
241,239,821,97,34,22
241,245,623,157,71,55
241,247,702,179,87,74
241,248,448,247,121,105
242,220,1472,767,447,305
242,239,817,96,34,22
242,245,621,158,71,56
242,247,690,195,91,78
242,248,428,257,130,112
243,220,1471,768,448,304
243,239,814,96,34,22
243,245,618,159,73,57
243,247,686,199,93,80
243,248,409,269,135,117
243,249,1825,282,79,85
244,220,1470,767,450,305
244,239,811,95,34,22
244,245,616,160,73,58
244,247,677,206,99,85
244,248,388,282,141,123
244,249,1809,271,88,94
245,220,1471,767,448,305
245,239,807,95,35,22
245,245,613,162,75,58
245,247,673,210,101,87
245,248,362,295,153,133
245,249,1792,267,95,97
246,220,1471,767,448,306
246,239,804,94,34,22
246,245,611,163,75,59
246,247,663,219,107,94
246,248,333,309,165,144
246,249,1773,263,105,103
247,220,1470,768,449,305
247,239,801,94,34,22
247,245,608,164,77,59
247,247,654,227,112,99
247,248,303,327,174,152
247,249,1755,262,114,105
248,220,1470,768,449,305
248,239,798,94,34,22
248,245,606,165,78,60
248,247,646,236,118,105
248,248,266,347,191,167
248,249,1736,260,124,106
249,220,1471,768,449,305
249,239,794,93,35,22
249,245,603,166,79,61
249,247,640,241,122,108
249,248,226,371,206,181
249,249,1713,258,133,105
250,220,1472,767,448,305
250,239,791,93,34,22
250,245,601,167,80,62
250,247,635,246,125,111
250,248,179,397,225,198
250,249,1683,255,144,108
251,220,1472,767,448,305
251,245,598,168,81,63
251,247,615,266,139,124
251,248,125,427,248,218
251,249,1652,253,153,109
252,220,1472,767,447,305
252,245,596,169,82,64
252,247,602,280,146,132
252,248,60,463,274,243
252,249,1622,251,159,107
253,220,1471,767,448,304
253,245,593,170,83,64
253,247,588,295,153,141
253,248,0,508,299,268
253,249,1591,248,165,106
254,220,1471,767,448,304
254,247,572,312,164,151
254,248,-47,562,320,300
254,249,1561,245,171,106
255,220,1471,767,448,304
255,247,554,331,175,163
255,248,-78,581,333,311
255,249,1531,243,174,104
256,220,1471,766,448,305
256,247,533,353,189,176
256,248,-108,600,345,323
256,249,1502,242,175,100
257,220,1470,766,449,305
257,247,508,376,206,195
257,248,-139,619,358,335
257,249,1472,238,180,100
258,220,1469,765,451,306
258,247,482,405,224,213
258,248,-169,638,370,346
258,249,1443,235,185,100
259,220,1469,765,451,306
259,247,448,439,247,237
259,248,-200,657,383,358
259,249,1418,233,183,97
260,220,1469,765,451,306
260,247,409,480,274,266
260,248,-231,676,395,370
260,249,1391,230,185,96
261,220,1471,767,447,304
261,247,363,530,306,300
261,248,-261,695,407,381
261,249,1365,226,186,97
262,220,1471,767,449,305
262,247,306,592,347,343
262,248,-292,715,420,392
262,249,1339,225,186,95
263,220,1471,767,449,305
263,247,249,664,372,367
263,248,-322,734,432,404
263,249,1316,222,186,94
264,220,1471,767,449,305
264,247,213,756,340,317
264,248,-353,753,445,415
264,249,1295,219,183,93
265,220,1472,767,448,305
265,247,192,781,350,328
265,248,-384,772,458,427
265,249,1273,216,184,93
266,220,1472,767,447,304
266,247,171,807,361,337
266,248,-414,791,470,438
266,249,1254,214,180,91
267,220,1473,767,446,304
267,247,149,832,372,348
267,248,-445,810,482,450
267,249,1238,211,174,88
268,220,1472,767,447,304
268,247,128,858,383,357
268,248,-475,829,494,462
268,249,1220,209,172,87
269,220,1471,767,448,304
269,247,107,883,393,368
269,248,-506,848,507,473
269,249,1204,206,168,86
270,220,1471,767,449,305
270,247,86,909,404,377
270,248,-537,867,521,485
270,249,1190,203,165,85
271,220,1471,767,450,305
271,247,64,934,415,388
271,248,-567,886,533,497
271,249,1178,200,161,84
272,220,1471,766,450,306
272,247,43,960,426,397
272,248,-598,905,546,508
272,249,1167,198,157,83
273,220,1470,766,451,307
273,247,22,985,436,408
273,248,-628,924,557,520
273,249,1156,194,153,82
274,220,1470,765,451,308
274,247,1,1010,447,418
274,248,-659,943,570,532
274,249,1146,191,148,81
275,220,1472,766,448,306
275,247,-19,1036,457,428
275,248,-690,962,583,543
275,249,1138,189,144,80
276,220,1472,766,448,306
276,247,-41,1061,468,438
276,248,-720,981,595,555
276,249,1122,186,143,80
277,220,1472,766,448,306
277,247,-62,1087,479,448
277,248,-751,1000,608,567
277,249,1106,184,141,78
278,220,1472,766,448,305
278,247,-83,1112,489,459
278,248,-781,1019,620,578
278,249,1090,181,140,77
279,220,1472,767,447,304
279,247,-104,1138,500,468
279,248,-812,1038,633,590
279,249,1075,178,137,77
279,252,1126,179,106,75
280,220,1473,767,446,304
280,247,-126,1163,511,479
280,248,-843,1057,645,602
280,249,1059,175,136,76
280,252,1122,178,105,74
281,220,1473,767,446,304
281,247,-147,1189,522,488
281,248,-873,1077,657,612
281,249,1043,173,134,74
281,252,1119,177,102,73
282,220,1474,768,445,303
282,247,-168,1214,532,499
282,248,-904,1096,670,624
282,249,1027,170,132,74
282,252,1115,176,101,72
283,220,1473,768,446,303
283,247,-189,1240,543,508
283,248,-934,1115,682,636
283,249,1011,167,131,73
283,252,1111,175,100,71
283,253,1755,377,108,141
284,220,1472,767,447,304
284,247,-211,1265,554,519
284,248,-965,1134,695,647
284,249,995,164,129,72
284,252,1108,174,98,70
284,253,1695,349,104,130
285,220,1471,767,448,305
285,247,-232,1291,565,528
285,249,979,162,128,71
285,252,1104,173,97,69
285,253,1631,323,102,120
286,220,1471,767,448,305
286,247,-253,1316,575,539
286,249,963,159,126,70
286,252,1101,173,94,67
286,253,1575,301,98,110
287,220,1471,767,448,305
287,247,-274,1342,586,548
287,249,947,156,125,69
287,252,1046,149,75,54
287,253,1523,283,96,102
288,220,1471,767,448,306
288,247,-296,1367,597,559
288,249,931,153,123,69
288,252,1041,147,73,53
288,253,1477,268,94,95
289,220,1471,767,448,306
289,247,-317,1393,608,568
289,249,915,150,122,68
289,252,1037,145,72,52
289,253,1438,254,91,88
290,220,1471,768,448,305
290,247,-338,1418,618,579
290,249,900,148,119,66
290,252,1034,141,72,54
290,253,1404,241,92,84
291,220,1471,768,448,305
291,247,-359,1444,629,588
291,249,884,145,118,66
291,252,1032,139,71,53
291,253,1372,229,90,81
292,220,1471,768,448,305
292,247,-381,1469,640,599
292,249,868,142,116,65
292,252,1030,137,70,53
292,253,1343,221,89,76
293,220,1472,767,447,305
293,247,-402,1494,651,609
293,249,852,139,115,64
293,252,1030,138,65,50
293,253,1318,211,86,73
294,220,1472,767,447,305
294,247,-423,1520,661,619
294,249,836,137,113,63
294,252,1028,136,64,50
294,253,1294,204,84,68
295,220,1472,766,447,305
295,249,820,134,112,62
295,252,1023,134,63,48
295,253,1274,198,81,64
296,220,1472,766,447,305
296,249,804,131,110,61
296,252,1018,132,61,47
296,253,1254,191,80,62
297,220,1472,766,447,305
297,249,788,128,108,61
297,252,1014,130,59,45
297,253,1236,185,78,59
298,220,1471,766,448,305
298,249,772,126,107,59
298,252,1019,132,61,47
298,253,1222,180,74,56
299,220,1471,766,448,305
299,249,756,123,105,58
299,252,1017,130,60,47
299,253,1206,176,73,53
300,220,1471,766,448,305
300,249,740,120,104,58
300,252,1014,129,58,46
300,253,1192,170,72,53
301,220,1472,770,445,302
301,249,724,117,102,57
301,252,1010,127,58,45
301,253,1171,162,68,50
302,220,1473,770,444,302
302,249,709,115,100,55
302,252,1013,127,57,45
302,253,1150,154,63,47
303,220,1473,770,444,302
303,249,693,112,98,55
303,252,1010,126,56,44
303,253,1129,146,59,43
304,220,1471,766,447,305
304,249,677,109,97,54
304,252,1008,124,54,44
304,253,1107,139,55,39
305,220,1471,766,447,305
305,249,661,106,95,53
305,252,1005,123,53,42
305,253,1086,131,51,36
306,220,1471,766,448,305
306,252,1002,121,53,42
306,253,1065,123,46,33
307,220,1472,766,448,305
307,252,999,120,52,41
307,253,1044,115,41,30
308,220,1471,766,449,305
308,252,996,118,51,40
308,253,1023,107,37,26
309,220,1471,766,449,305
309,252,994,117,49,39
309,253,1002,99,32,23
310,220,1471,766,449,305
310,252,991,115,48,39
310,253,981,91,28,20
311,220,1471,765,450,306
311,252,988,114,48,38
311,253,960,83,23,17
311,260,1102,138,57,38
312,220,1470,766,449,306
312,252,985,112,47,37
312,253,939,75,19,14
312,260,1095,134,57,39
312,261,1234,237,168,122
313,220,1470,766,449,306
313,252,982,111,46,36
313,253,918,67,14,11
313,260,1090,133,54,37
313,261,1212,225,159,116
314,220,1471,766,448,306
314,252,980,109,44,36
314,253,897,59,10,7
314,260,1084,131,54,37
314,261,1196,216,152,111
315,220,1470,766,449,306
315,252,977,108,44,35
315,253,876,51,5,4
315,260,1078,130,52,35
315,261,1180,207,146,106
316,220,1470,766,449,306
316,252,974,107,43,33
316,253,855,43,1,1
316,260,1073,128,51,34
316,261,1163,197,140,102
317,220,1470,766,448,305
317,252,971,105,42,33
317,253,834,35,-4,-2
317,260,1068,126,49,34
317,261,1148,190,126,93
318,220,1471,767,448,304
318,252,968,104,41,32
318,253,813,27,-8,-5
318,260,1063,124,48,33
318,261,1132,181,119,87
319,220,1472,767,447,304
319,252,966,102,39,31
319,253,792,20,-13,-10
319,260,1057,122,48,33
319,261,1115,173,112,81
320,220,1471,767,448,304
320,252,963,101,39,30
320,253,771,12,-17,-12
320,260,1052,121,46,31
320,261,1099,164,105,76
321,220,1471,768,447,303
321,252,960,99,38,30
321,253,750,4,-22,-15
321,260,1047,119,45,31
321,261,1083,155,97,71
322,220,1471,768,447,303
322,252,957,98,37,29
322,253,729,-3,-26,-19
322,260,1042,117,44,30
322,261,1067,146,90,65
323,220,1471,767,448,304
323,252,955,96,35,28
323,253,708,-11,-31,-22
323,260,1036,115,43,29
323,261,1050,137,83,60
324,220,1472,767,448,304
324,252,952,95,34,27
324,253,687,-19,-36,-26
324,260,1031,113,42,29
324,261,1034,128,76,55
325,220,1472,767,449,304
325,252,949,93,34,27
325,253,665,-27,-39,-29
325,260,1026,112,40,27
325,261,1018,119,68,50
326,220,1472,766,449,305
326,252,946,92,33,26
326,253,644,-35,-44,-32
326,260,1021,110,39,27
326,261,1002,110,60,44
326,265,1014,122,63,53
327,220,1470,765,451,307
327,252,943,90,32,25
327,253,623,-43,-48,-35
327,260,1015,108,39,26
327,261,986,101,53,39
327,265,1011,121,64,53
328,220,1470,765,450,307
328,252,941,89,30,24
328,253,602,-51,-53,-38
328,260,1010,106,37,26
328,261,969,92,46,34
328,265,1007,119,65,54
329,220,1471,766,449,306
329,252,938,87,29,24
329,253,581,-59,-57,-42
329,260,1005,104,36,25
329,261,953,83,39,29
329,265,1004,118,65,54
330,220,1471,766,448,306
330,252,935,86,29,22
330,253,560,-67,-62,-45
330,260,1000,103,35,23
330,261,937,74,31,23
330,265,1001,116,66,55
331,220,1470,766,450,306
331,252,932,84,28,22
331,260,994,101,34,23
331,261,921,65,24,18
331,265,998,115,66,55
332,220,1470,766,450,306
332,252,929,83,27,21
332,260,989,99,33,22
332,261,904,56,17,13
332,265,994,113,67,56
332,267,674,142,46,35
333,220,1470,766,449,306
333,260,984,97,31,22
333,261,888,47,10,7
333,265,991,112,68,56
333,267,670,141,48,37
334,220,1471,767,448,305
334,260,979,95,30,21
334,261,872,39,2,1
334,265,988,110,68,57
334,267,667,141,50,39
335,220,1471,767,448,305
335,260,973,94,30,20
335,261,856,30,-5,-4
335,265,985,109,68,57
335,267,663,141,53,42
336,220,1471,767,448,305
336,260,968,92,28,19
336,261,839,21,-12,-9
336,265,981,107,70,58
336,267,661,144,54,42
337,220,1471,767,448,304
337,260,963,90,27,19
337,261,823,12,-19,-14
337,265,978,106,70,58
337,267,658,145,55,43
338,220,1471,767,448,304
338,260,958,88,26,18
338,261,807,3,-27,-19
338,265,975,104,70,59
338,267,656,145,56,44
339,220,1471,767,448,304
339,260,952,87,25,16
339,261,791,-5,-35,-25
339,265,972,103,71,59
339,267,651,145,60,46
340,220,1471,767,448,304
340,260,947,85,24,16
340,261,774,-14,-41,-30
340,265,968,101,72,60
340,267,650,151,56,44
341,220,1471,767,448,304
341,260,942,83,22,15
341,261,758,-23,-49,-36
341,265,965,100,72,60
341,267,648,153,56,44
342,220,1471,767,448,304
342,260,937,81,21,15
342,261,742,-32,-56,-41
342,265,962,98,73,61
342,267,643,155,59,46
343,220,1471,767,448,304
343,260,931,79,21,14
343,261,726,-41,-64,-46
343,265,959,97,73,61
343,267,638,158,58,45
344,220,1470,766,450,305
344,260,926,78,19,13
344,261,709,-50,-70,-51
344,265,955,95,74,62
344,267,634,161,59,46
345,220,1469,766,450,306
345,260,921,76,18,12
345,261,693,-59,-78,-57
345,265,952,94,74,62
345,267,630,166,58,45
346,220,1469,766,450,306
346,261,677,-68,-85,-62
346,265,949,92,75,63
346,267,626,170,59,45
347,220,1469,766,450,306
347,261,661,-77,-93,-67
347,265,946,91,75,62
347,267,619,170,65,50
347,270,165,406,249,226
348,220,1469,766,450,306
348,265,942,90,76,62
348,267,613,172,69,53
348,270,102,441,279,254
349,220,1469,766,449,306
349,265,939,88,77,63
349,267,607,175,70,54
349,270,30,485,311,283
349,272,1696,354,131,161
350,220,1471,767,447,304
350,265,936,87,77,63
350,267,601,179,72,55
350,270,-30,535,346,320
350,272,1635,323,125,150
351,220,1472,767,447,304
351,265,933,85,77,64
351,267,596,181,73,58
351,270,-86,595,388,369
351,272,1579,303,118,136
352,220,1472,768,447,302
352,265,929,84,79,64
352,267,589,185,76,59
352,270,-135,629,414,394
352,272,1527,284,112,125
353,220,1472,767,448,304
353,265,926,82,79,65
353,267,581,187,80,63
353,270,-184,663,440,419
353,272,1480,266,110,119
354,220,1472,767,449,304
354,265,923,81,79,65
354,267,574,194,80,63
354,270,-233,697,467,444
354,272,1441,251,105,110
355,220,1472,767,449,304
355,265,920,79,80,66
355,267,568,199,79,63
355,270,-282,731,493,469
355,272,1405,237,103,104
356,220,1472,767,449,304
356,265,916,78,81,66
356,267,557,205,85,67
356,270,-331,764,519,495
356,272,1373,226,101,99
357,220,1473,767,447,304
357,267,549,210,87,70
357,270,-380,798,546,519
357,272,1334,210,94,91
358,220,1473,767,446,304
358,267,540,217,88,69
358,270,-429,832,572,544
358,272,1296,193,85,84
359,220,1472,767,446,304
359,267,529,223,91,72
359,270,-478,866,598,569
359,272,1257,177,78,76
360,220,1471,767,447,304
360,267,515,231,96,75
360,270,-527,900,625,594
360,272,1218,160,70,69
360,279,1272,198,112,81
361,220,1471,767,447,303
361,267,502,238,101,80
361,270,-576,934,651,619
361,272,1180,144,62,60
361,279,1261,194,110,79
362,220,1471,766,447,304
362,267,488,245,106,84
362,270,-625,967,677,645
362,272,1141,127,54,53
362,279,1235,185,101,73
363,220,1471,766,447,304
363,267,479,250,110,86
363,270,-674,1001,704,670
363,272,1103,111,46,45
363,279,1220,180,96,69
364,220,1471,766,448,305
364,267,471,254,112,89
364,270,-723,1035,730,695
364,272,1064,95,38,37
364,279,1203,174,93,67
365,220,1471,766,448,305
365,267,462,259,116,91
365,270,-772,1069,758,720
365,272,1026,78,30,30
365,279,1190,168,89,64
366,220,1471,766,449,305
366,267,454,264,118,93
366,270,-821,1103,784,744
366,272,987,62,22,22
366,279,1175,162,85,62
367,220,1471,766,449,306
367,267,446,268,120,96
367,270,-870,1137,810,769
367,272,948,45,15,14
367,279,1160,156,81,59
367,280,400,299,134,109
368,220,1471,765,449,307
368,267,437,273,124,98
368,270,-919,1170,837,795
368,272,910,29,6,6
368,279,1144,151,78,56
368,280,375,315,145,117
369,220,1472,766,449,306
369,267,429,278,126,100
369,270,-968,1204,863,820
369,272,871,12,-1,-1
369,279,1129,145,74,54
369,280,348,330,154,125
370,220,1471,766,449,306
370,267,421,283,129,102
370,270,-1017,1238,889,845
370,272,833,-3,-10,-9
370,279,1114,140,70,50
370,280,331,342,159,129
371,220,1471,766,448,306
371,267,412,287,132,104
371,270,-1066,1272,916,870
371,272,794,-19,-17,-17
371,279,1099,134,66,48
371,280,313,353,166,134
372,220,1472,767,447,305
372,267,404,292,134,106
372,270,-1115,1306,942,895
372,272,755,-36,-25,-25
372,279,1065,121,56,41
372,280,295,364,172,140
373,220,1473,767,446,304
373,267,395,297,138,108
373,270,-1164,1339,968,921
373,272,717,-52,-33,-33
373,279,1048,114,52,38
373,280,278,376,178,144
374,220,1473,768,446,303
374,267,387,301,140,111
374,270,-1213,1373,995,945
374,272,678,-69,-41,-40
374,279,1031,108,47,34
374,280,260,387,184,149
375,220,1472,768,446,303
375,267,379,306,143,113
375,270,-1262,1407,1021,970
375,272,640,-85,-49,-48
375,279,1014,101,43,32
375,280,243,398,190,154
376,220,1472,768,445,303
376,267,370,311,146,115
376,270,-1311,1441,1047,995
376,272,601,-102,-57,-55
376,279,997,95,38,28
376,280,225,410,196,159
377,220,1471,768,446,303
377,267,362,316,148,117
377,270,-1360,1475,1074,1020
377,272,563,-118,-65,-64
377,279,980,89,34,25
377,280,208,421,202,164
378,220,1471,768,446,302
378,267,353,320,152,120
378,270,-1409,1509,1100,1045
378,272,524,-134,-73,-72
378,279,963,82,29,22
378,280,190,432,208,169
379,220,1471,767,447,303
379,267,345,325,154,122
379,270,-1458,1542,1127,1071
379,272,485,-151,-80,-79
379,279,946,76,25,18
379,280,173,444,214,173
380,220,1472,767,446,303
380,267,337,330,157,124
380,270,-1507,1576,1153,1096
380,272,447,-167,-89,-87
380,279,929,69,20,16
380,280,155,455,220,178
381,220,1471,767,448,304
381,267,328,334,160,126
381,270,-1556,1610,1179,1121
381,272,408,-184,-96,-94
381,279,912,63,16,12
381,280,137,466,227,184
382,220,1471,767,448,304
382,267,320,339,162,128
382,272,370,-200,-105,-103
382,279,894,57,12,8
382,280,120,478,232,188
383,220,1471,767,448,304
383,267,312,344,165,130
383,272,331,-216,-112,-111
383,279,877,50,8,6
383,280,102,489,239,193
384,220,1471,767,448,305
384,267,303,348,168,133
384,272,292,-233,-120,-118
384,279,860,44,3,2
384,280,85,500,244,198
385,220,1471,768,448,304
385,267,295,353,171,135
385,272,254,-249,-128,-126
385,279,843,37,-1,-1
385,280,67,511,251,204
386,220,1471,768,447,304
386,267,286,358,174,137
386,272,215,-266,-136,-133
386,279,826,31,-6,-4
386,280,50,523,256,208
387,220,1471,768,448,304
387,267,278,363,176,139
387,279,809,25,-10,-8
387,280,32,534,263,213
388,220,1471,768,448,304
388,267,270,367,179,142
388,279,792,18,-15,-11
388,280,14,545,269,218
389,220,1472,768,447,304
389,267,261,372,182,144
389,279,775,12,-19,-13
389,280,-2,557,274,223
390,220,1472,767,448,305
390,267,253,377,185,146
390,279,758,5,-24,-16
390,280,-20,568,280,228
391,220,1472,767,448,305
391,267,245,381,187,148
391,279,741,0,-28,-20
391,280,-37,579,286,233
392,220,1472,767,447,305
392,267,236,386,190,150
392,279,724,-7,-33,-23
392,280,-55,591,292,237
392,287,678,139,42,35
393,220,1472,767,447,305
393,279,706,-13,-36,-27
393,280,-72,602,298,242
393,287,673,138,45,37
394,220,1472,767,446,305
394,279,689,-19,-41,-30
394,280,-90,613,304,248
394,287,672,139,44,38
395,220,1472,768,446,304
395,279,672,-26,-45,-33
395,280,-108,625,311,252
395,287,668,138,49,40
396,220,1472,767,447,305
396,279,655,-32,-50,-37
396,280,-125,636,316,257
396,287,663,136,53,44
397,220,1470,765,449,307
397,279,638,-39,-54,-39
397,280,-143,647,323,262
397,287,661,135,54,46
398,220,1470,765,450,307
398,279,621,-45,-59,-43
398,280,-160,659,328,267
398,287,658,135,56,47
399,220,1470,766,449,306
399,279,604,-51,-63,-47
399,280,-178,670,335,272
399,287,655,135,58,48
399,288,920,103,25,18
400,220,1471,768,447,304
400,279,587,-58,-68,-49
400,287,653,135,59,50
400,288,918,103,24,17
401,220,1472,768,445,304
401,279,570,-64,-72,-53
401,287,653,143,56,46
401,288,916,103,22,16
402,220,1472,768,446,304
402,279,553,-71,-77,-56
402,287,650,144,56,47
402,288,914,103,21,15
403,220,1471,768,447,304
403,287,647,146,56,47
403,288,912,103,19,14
403,289,893,102,35,20
404,220,1471,768,447,304
404,287,644,147,58,48
404,288,910,103,18,13
404,289,887,102,35,20
405,220,1471,768,448,304
405,287,642,148,58,49
405,288,908,104,16,12
405,289,883,102,35,21
406,220,1471,768,448,304
406,287,639,148,60,50
406,288,906,104,15,11
406,289,878,102,37,21
407,220,1471,768,447,305
407,287,636,149,61,51
407,288,904,104,13,10
407,289,874,103,37,20
408,220,1470,767,449,306
408,287,634,150,62,52
408,288,902,104,12,9
408,289,870,103,37,21
409,220,1470,767,449,305
409,287,631,151,63,52
409,288,900,104,11,8
409,289,866,103,38,21
410,220,1470,767,448,305
410,287,629,152,64,53
410,288,898,105,9,6
410,289,861,103,39,22
411,220,1470,768,448,304
411,287,626,152,65,55
411,288,896,105,8,5
411,289,857,103,39,22
412,220,1470,768,448,305
412,287,624,153,66,55
412,288,894,105,6,4
412,289,853,103,39,22
413,220,1471,768,446,304
413,287,621,154,67,56
413,288,892,105,5,4
413,289,849,103,40,23
414,220,1470,768,448,304
414,287,618,155,69,57
414,288,890,105,3,3
414,289,844,103,41,23
415,220,1470,768,448,304
415,287,616,156,69,57
415,288,888,105,2,2
415,289,840,103,41,24
416,220,1470,768,448,303
416,287,613,156,71,59
416,288,886,106,0,0
416,289,836,103,42,24
417,220,1471,768,448,303
417,287,611,157,71,60
417,288,884,106,-1,-1
417,289,832,103,42,24
418,220,1471,768,448,303
418,287,608,158,73,60
418,288,882,106,-3,-2
418,289,827,104,43,24
419,220,1471,767,447,304
419,287,606,159,73,61
419,288,880,106,-4,-3
419,289,823,104,43,24
420,220,1471,767,448,304
420,287,603,160,74,62
420,288,878,106,-5,-4
420,289,819,104,44,24
421,220,1470,767,449,304
421,287,601,160,75,63
421,288,876,106,-7,-4
421,289,815,104,44,25
422,220,1471,767,448,304
422,287,598,161,76,64
422,288,874,107,-8,-6
422,289,810,104,45,25
423,220,1471,767,447,304
423,287,595,162,78,65
423,288,872,107,-10,-7
423,289,806,104,45,26
424,220,1470,767,448,304
424,287,593,163,78,65
424,288,870,107,-11,-8
424,289,802,104,46,26
425,220,1470,767,448,304
425,287,590,164,80,66
425,288,868,107,-13,-9
425,289,798,104,46,26
426,220,1470,767,448,304
426,287,588,165,80,67
426,288,866,107,-14,-10
426,289,793,104,47,27
427,220,1470,768,448,303
427,287,585,165,82,69
427,288,864,108,-16,-12
427,289,789,104,48,27
428,220,1470,768,448,303
428,287,583,166,82,69
428,288,862,108,-17,-13
428,289,785,104,48,28
429,220,1470,768,448,303
429,287,580,167,84,70
429,288,860,108,-19,-13
429,289,781,105,48,27
430,220,1470,768,448,303
430,287,516,208,99,83
430,289,776,105,49,27
431,220,1470,768,448,303
431,287,512,211,100,84
431,289,772,105,50,28
432,220,1471,768,448,303
432,287,508,213,101,84
432,289,768,105,50,28
433,220,1471,768,448,303
433,287,503,214,104,87
433,289,764,105,50,28
434,220,1471,768,449,304
434,287,499,216,105,88
434,289,759,105,52,29
435,220,1472,768,448,304
435,287,495,217,107,89
436,220,1472,768,447,304
436,287,490,217,109,91
437,220,1471,768,448,304
437,287,486,219,109,91
438,220,1471,768,448,304
438,287,482,221,111,93
439,220,1471,768,447,304
439,287,477,221,112,95
440,220,1471,768,446,304
440,287,473,222,113,95
441,220,1470,768,447,304
441,287,469,224,114,95
442,220,1469,768,449,304
442,287,466,226,115,96
443,220,1470,768,448,303
443,287,463,227,117,97
444,220,1470,767,448,304
444,287,460,227,118,98
445,220,1469,767,450,304
445,287,458,229,118,97
446,220,1469,766,450,305
446,287,454,230,120,98
447,220,1470,766,450,305
447,287,451,231,120,98
448,220,1470,766,450,305
448,287,448,232,121,99
448,292,808,133,58,52
449,220,1470,766,450,305
449,287,445,233,122,99
449,292,813,137,55,49
450,220,1471,766,449,305
450,287,429,236,128,104
450,292,816,139,54,48
451,220,1471,766,449,305
451,287,423,237,131,107
451,292,818,141,53,47
452,220,1473,764,450,307
452,287,419,238,132,107
452,292,820,143,52,46
452,294,1719,341,176,120
452,295,1202,313,336,105
453,220,1473,766,448,305
453,287,417,239,133,107
453,292,832,145,68,62
453,294,1699,343,184,122
453,295,1135,312,348,109
454,220,1472,766,448,305
454,287,416,240,132,107
454,292,835,147,69,63
454,294,1676,344,193,126
454,295,1071,313,352,111
455,220,1472,766,446,305
455,287,415,241,132,106
455,292,836,149,70,63
455,294,1651,347,202,128
455,295,1003,315,359,113
456,220,1472,766,446,305
456,287,414,241,132,107
456,292,839,151,72,65
456,294,1613,349,213,130
456,295,937,319,357,112
457,220,1471,766,446,305
457,287,413,240,133,108
457,292,843,153,73,66
457,294,1576,352,220,131
457,295,868,321,358,113
458,220,1471,766,446,304
458,287,412,241,133,107
458,292,846,155,75,68
458,294,1534,356,234,135
458,295,792,323,370,116
458,297,793,132,59,49
459,220,1471,767,447,303
459,287,412,242,132,107
459,292,849,157,77,69
459,294,1494,361,245,138
459,295,719,325,376,119
459,297,795,132,60,49
460,220,1472,767,446,303
460,287,410,243,133,107
460,292,841,156,73,65
460,294,1453,365,256,141
460,295,646,330,376,119
460,297,796,134,60,50
461,220,1473,767,445,303
461,287,408,243,134,107
461,292,844,158,74,66
461,294,1413,369,268,144
461,295,570,335,380,120
461,297,798,134,60,50
462,220,1472,768,446,303
462,287,406,243,135,108
462,292,842,156,75,69
462,294,1367,371,286,152
462,295,495,341,382,121
462,297,799,134,61,51
463,220,1472,768,447,303
463,287,406,244,135,107
463,292,843,158,75,69
463,294,1327,379,293,153
463,295,418,346,383,122
463,297,800,134,62,52
464,220,1473,768,446,303
464,287,404,244,136,108
464,292,844,159,77,70
464,294,1286,387,301,155
464,295,336,353,389,124
464,297,802,134,62,52
465,220,1474,768,445,304
465,287,403,245,136,108
465,292,846,160,78,72
465,294,1241,392,316,161
465,295,254,360,391,126
465,297,803,134,62,53
466,220,1474,768,445,304
466,287,400,246,138,108
466,292,848,162,79,72
466,294,1197,400,329,167
466,295,172,366,393,127
466,297,804,132,64,55
467,220,1474,768,445,304
467,287,397,246,139,109
467,292,845,163,77,72
467,294,1152,408,342,173
467,295,93,374,385,125
467,297,807,134,62,54
468,220,1472,767,447,305
468,287,394,246,140,110
468,292,847,165,78,72
468,294,1104,416,355,179
468,295,15,383,376,122
468,297,808,136,62,54
469,220,1472,767,446,305
469,287,391,247,140,110
469,292,848,166,79,73
469,294,1060,428,363,183
469,295,-45,388,374,125
469,297,809,138,61,54
470,220,1471,767,447,305
470,287,387,248,140,110
470,292,850,168,80,74
470,294,1009,438,382,194
470,295,-79,391,345,119
470,297,810,139,61,54
471,220,1471,767,447,305
471,287,383,251,140,108
471,292,851,169,81,75
471,294,959,450,395,201
471,295,-108,394,320,118
471,297,811,139,61,55
472,220,1471,767,447,305
472,287,376,251,142,109
472,292,852,171,82,76
472,294,909,463,409,209
472,295,-174,399,321,118
472,297,812,140,62,55
473,220,1469,767,449,305
473,287,369,252,146,112
473,292,854,172,83,77
473,294,860,478,418,215
473,295,-239,403,320,118
473,297,814,140,62,56
474,220,1470,767,448,305
474,287,361,253,151,114
474,292,855,173,84,78
474,294,806,495,434,225
474,295,-305,408,321,118
474,297,815,141,62,56
475,220,1470,767,448,305
475,287,353,254,153,115
475,292,857,175,85,79
475,294,751,513,451,236
475,295,-370,413,321,117
475,297,816,141,63,56
476,220,1472,765,450,307
476,287,344,256,156,116
476,292,858,176,86,80
476,294,691,532,473,249
476,295,-436,417,321,118
476,297,817,142,63,56
477,220,1472,766,449,307
477,287,334,257,161,118
477,292,859,178,87,80
477,294,633,554,491,261
477,295,-501,422,321,117
477,297,818,143,64,56
478,220,1472,766,448,307
478,287,322,259,162,118
478,292,861,179,88,82
478,294,572,577,507,273
478,295,-567,426,321,118
478,297,819,143,65,57
479,220,1473,764,450,309
479,287,311,263,164,117
479,292,862,181,89,82
479,294,502,601,537,293
479,295,-632,431,321,117
479,297,820,144,65,57
480,220,1473,766,447,305
480,287,298,266,167,118
480,292,849,182,85,79
480,294,431,630,564,312
480,295,-698,435,321,118
480,297,821,144,66,58
481,220,1473,766,446,305
481,287,284,270,169,117
481,292,849,183,86,80
481,294,355,664,593,333
481,295,-763,440,320,117
481,297,823,145,65,58
482,220,1472,766,447,305
482,287,267,273,174,118
482,292,849,184,86,81
482,294,275,697,626,357
482,295,-828,445,320,117
482,297,824,145,66,59
483,220,1471,766,447,305
483,287,247,275,179,120
483,292,849,186,86,81
483,294,221,737,597,342
483,295,-894,449,320,117
483,297,825,146,67,59
484,220,1471,766,446,305
484,287,227,278,185,122
484,292,849,187,87,83
484,294,184,781,539,304
484,295,-959,454,320,117
484,297,826,146,67,60
485,220,1470,767,447,304
485,287,207,282,188,121
485,292,848,188,88,84
485,294,170,833,465,255
485,295,-1025,458,320,118
485,297,827,147,68,60
486,220,1471,767,446,303
486,287,184,286,193,123
486,292,848,189,89,85
486,294,160,889,379,196
486,295,-1090,463,319,117
486,297,828,148,68,60
487,220,1470,767,447,303
487,287,159,289,200,125
487,292,848,189,90,87
487,294,117,917,365,188
487,295,-1156,468,320,117
487,297,829,148,69,61
488,220,1470,767,447,304
488,287,133,294,206,126
488,292,848,190,91,88
488,294,74,944,352,182
488,295,-1221,472,319,117
488,297,830,149,69,61
489,220,1469,767,449,304
489,287,103,295,215,131
489,292,848,191,92,89
489,294,32,972,337,174
489,295,-1287,477,320,117
489,297,832,149,69,62
490,220,1469,767,449,305
490,287,73,300,221,131
490,292,848,192,93,90
490,294,-10,999,323,168
490,295,-1352,481,319,117
490,297,833,150,70,62
491,220,1472,765,449,307
491,287,43,304,226,133
491,292,849,190,96,94
491,294,-53,1027,310,160
491,295,-1418,486,319,117
491,297,834,150,70,63
492,220,1474,765,449,307
492,287,15,309,229,134
492,292,849,191,98,95
492,294,-96,1054,296,154
492,295,-1483,491,319,116
492,297,835,151,71,63
493,220,1474,764,449,308
493,287,-3,314,227,133
493,292,849,192,99,96
493,294,-139,1082,283,147
493,295,-1549,495,319,117
493,297,836,151,71,64
494,220,1474,764,449,308
494,287,-19,317,226,136
494,292,849,193,100,97
494,294,-181,1110,269,139
494,295,-1614,500,319,116
494,297,837,152,72,64
495,220,1474,763,449,309
495,287,-26,324,204,125
495,292,849,193,102,99
495,294,-224,1137,255,133
495,295,-1679,504,318,117
495,297,838,152,73,65
496,220,1475,764,447,308
496,287,-35,329,187,119
496,292,850,194,102,100
496,294,-267,1165,243,125
496,295,-1745,509,318,117
496,297,839,153,73,65
497,220,1475,764,446,308
497,287,-46,335,171,116
497,292,850,195,103,101
497,294,-310,1192,229,119
497,295,-1810,513,318,117
497,297,841,154,73,65
498,220,1473,766,445,306
498,287,-64,339,170,115
498,292,853,200,96,94
498,294,-352,1220,215,111
498,295,-1876,518,318,117
498,297,842,154,73,66
499,220,1472,766,444,306
499,287,-81,344,168,113
499,292,854,201,96,95
499,294,-395,1247,202,105
499,295,-1941,523,318,116
499,297,843,155,74,66
500,220,1473,766,444,305
500,287,-98,348,166,112
500,292,854,203,97,94
500,294,-438,1275,188,97
500,295,-2007,527,318,117
500,297,844,155,75,67
501,220,1472,767,445,304
501,287,-116,352,165,111
501,292,854,204,98,95
501,294,-481,1302,175,91
501,295,-2072,532,318,116
502,220,1472,767,445,304
502,287,-133,356,163,110
502,292,855,205,98,96
502,294,-523,1330,161,83
503,220,1472,767,445,304
503,287,-151,360,163,109
503,292,855,206,99,97
503,294,-566,1358,147,76
504,220,1472,766,446,305
504,287,-168,364,162,108
504,292,855,207,99,97
504,294,-609,1385,134,69
505,220,1472,766,445,305
505,287,-185,368,160,108
505,292,856,208,99,98
505,294,-652,1413,120,62
506,220,1471,766,446,305
506,287,-203,372,159,107
506,292,856,210,100,98
506,294,-695,1440,107,55
507,220,1471,767,446,304
507,287,-220,377,157,105
507,292,856,211,101,98
507,294,-737,1468,93,48
508,220,1472,767,446,304
508,287,-238,381,156,104
508,292,857,212,101,99
508,294,-780,1495,79,42
509,220,1472,767,446,304
509,287,-255,385,154,103
509,292,857,213,102,100
509,294,-823,1523,66,34
510,220,1473,767,445,304
510,287,-272,389,152,102
510,292,857,214,103,101
510,294,-866,1551,53,27
511,220,1473,767,445,304
511,287,-290,393,151,101
511,292,858,215,103,101
511,294,-908,1578,38,20
512,220,1472,767,446,304
512,287,-307,397,149,100
512,292,858,217,104,101
512,294,-951,1606,25,13
513,220,1473,767,445,304
513,287,-325,401,148,99
513,292,858,218,105,102
513,294,-994,1633,12,6
514,220,1473,767,445,304
514,287,-342,406,146,97
514,292,859,219,105,103
514,294,-1037,1661,-2,-1
515,220,1473,768,445,303
515,287,-359,410,144,96
515,292,859,220,106,103
515,294,-1079,1688,-16,-8
516,220,1472,768,445,303
516,287,-377,414,143,96
516,292,859,221,106,104
516,294,-1122,1716,-30,-15
517,220,1472,768,445,303
517,287,-394,418,141,95
517,292,860,222,106,105
518,220,1471,767,447,305
518,287,-412,422,140,94
518,292,860,224,107,105
519,220,1471,767,447,305
519,287,-429,426,138,93
519,292,860,225,108,105
520,220,1471,767,447,305
520,287,-446,430,136,92
520,292,861,226,108,106
521,220,1471,767,446,305
521,287,-464,434,135,91
521,292,861,227,109,107
522,220,1471,768,447,304
522,287,-481,439,133,89
522,292,861,228,110,108
523,220,1472,768,446,304
523,287,-499,443,132,88
523,292,862,229,110,108
524,220,1472,768,446,303
524,287,-516,447,130,87
524,292,862,231,111,108
525,220,1472,768,447,303
525,287,-533,451,128,86
525,292,862,232,112,109
526,220,1472,768,446,303
526,287,-551,455,127,85
526,292,863,233,112,110
527,220,1472,768,445,303
527,287,-568,459,125,84
527,292,863,234,113,110
528,220,1472,768,446,303
528,292,863,235,114,111
529,220,1472,768,446,303
530,220,1472,768,446,303
531,220,1471,768,447,303
532,220,1471,768,447,303
533,220,1470,768,448,304
534,220,1470,768,448,304
535,220,1471,768,447,303
536,220,1470,768,447,303
537,220,1470,768,447,303
538,220,1470,768,447,302
539,220,1470,768,448,302
540,220,1470,768,448,303
541,220,1471,768,448,303
542,220,1471,768,448,303
543,220,1471,768,448,304
544,220,1471,768,448,304
545,220,1471,768,448,304
546,220,1470,767,450,305
547,220,1471,767,448,305
548,220,1470,767,449,305
549,220,1470,767,449,305
550,220,1471,767,448,305
551,220,1471,768,447,303
552,220,1471,768,446,303
553,220,1470,768,447,303
554,220,1471,768,446,302
555,220,1471,768,447,303
556,220,1471,768,448,303
557,220,1471,768,448,303
557,299,50,490,148,155
558,220,1470,768,448,303
558,299,82,480,163,165
559,220,1470,768,448,304
559,299,111,474,184,174
560,220,1471,766,450,306
560,299,150,469,203,176
561,220,1471,767,448,305
561,299,210,461,221,179
562,220,1470,767,448,305
562,299,283,456,234,175
563,220,1470,767,448,305
563,299,358,449,248,172
564,220,1470,767,447,304
564,299,434,440,265,172
565,220,1470,767,447,304
565,299,511,433,282,172
566,220,1470,767,447,304
566,299,590,424,296,171
567,220,1470,768,448,303
567,299,666,418,309,169
568,220,1471,768,448,303
568,299,747,411,317,166
569,220,1470,767,449,304
569,299,827,408,324,161
570,220,1471,765,451,307
570,299,905,401,333,160
571,220,1471,765,451,307
571,299,985,400,335,155
572,220,1472,764,451,309
572,299,1066,394,341,154
573,220,1473,764,450,309
573,299,1145,389,347,152
574,220,1473,764,450,309
574,299,1219,385,353,152
575,220,1473,763,449,310
575,299,1294,382,353,148
575,301,55,430,287,217
576,220,1474,764,447,308
576,299,1369,379,357,147
576,301,91,426,302,222
577,220,1474,764,447,308
577,299,1445,378,352,142
577,301,115,421,311,230
578,220,1475,763,446,309
578,299,1515,373,357,143
578,301,138,417,321,236
579,220,1475,764,446,308
579,299,1580,372,347,139
579,301,161,412,331,244
580,220,1476,764,444,308
580,299,1626,370,336,137
580,301,184,408,340,251
581,220,1475,764,444,308
581,299,1673,370,315,133
581,301,207,404,350,258
582,220,1476,764,443,308
582,299,1718,368,295,132
582,301,230,399,360,265
583,220,1476,764,444,307
583,299,1781,364,291,130
583,301,253,395,370,272
584,220,1474,764,444,307
584,299,1844,361,287,128
584,301,276,390,380,280
584,303,651,367,531,208
585,220,1473,764,444,307
585,299,1907,358,283,126
585,301,300,386,389,287
585,303,745,360,526,207
586,220,1475,764,444,307
586,299,1970,354,279,125
586,301,323,381,399,294
586,303,839,355,523,205
587,220,1475,764,444,307
587,299,2033,351,275,123
587,301,346,377,408,301
587,303,930,349,518,203
588,220,1476,764,443,307
588,299,2096,348,271,121
588,301,369,373,418,308
588,303,1021,345,509,200
589,220,1474,765,443,306
589,299,2159,345,267,119
589,301,392,368,428,316
589,303,1109,342,500,197
590,220,1473,765,443,306
590,299,2222,341,263,118
590,301,415,364,438,322
590,303,1198,339,487,193
590,304,65,498,157,160
591,220,1473,765,443,306
591,299,2285,338,258,116
591,301,438,359,448,330
591,303,1283,336,479,190
591,304,100,492,179,174
592,220,1473,766,443,305
592,299,2348,335,254,113
592,301,461,355,458,337
592,303,1366,334,468,186
592,304,142,486,196,178
593,220,1473,766,443,305
593,299,2411,331,250,112
593,301,484,351,468,344
593,303,1449,334,451,181
593,304,214,479,211,178
594,220,1473,767,444,304
594,299,2474,328,246,110
594,301,508,346,476,352
594,303,1513,331,444,180
594,304,293,468,227,180
595,220,1473,767,444,305
595,299,2537,325,242,108
595,301,531,342,486,358
595,303,1564,327,431,180
595,304,374,461,241,178
596,220,1472,766,446,306
596,299,2600,321,238,107
596,301,554,337,496,366
596,303,1614,325,407,176
596,304,455,452,256,177
597,220,1472,766,445,306
597,299,2663,318,234,105
597,301,577,333,506,373
597,303,1669,327,369,168
597,304,540,447,265,171
598,220,1472,767,445,305
598,299,2726,315,230,103
598,301,600,329,516,380
598,303,1736,324,361,165
598,304,622,438,279,170
599,220,1475,766,445,306
599,299,2789,312,226,101
599,301,623,324,526,387
599,303,1803,322,354,161
599,304,704,431,291,168
600,220,1475,766,445,306
600,299,2852,308,222,100
600,301,646,320,536,394
600,303,1869,319,347,158
600,304,786,423,303,168
601,220,1476,766,444,305
601,299,2915,305,218,97
601,301,669,315,545,402
601,303,1936,317,340,155
601,304,866,416,316,168
602,220,1476,766,444,305
602,299,2978,302,214,95
602,301,693,311,554,409
602,303,2003,314,333,152
602,304,948,411,320,164
603,220,1476,765,444,306
603,299,3041,298,210,94
603,301,716,306,564,416
603,303,2069,312,326,148
603,304,1031,408,321,158
604,220,1477,765,443,306
604,299,3104,295,206,92
604,301,739,302,574,423
604,303,2136,309,319,145
604,304,1112,406,325,155
605,220,1477,765,443,306
605,299,3167,292,202,90
605,301,762,298,584,430
605,303,2203,307,311,142
605,304,1189,400,332,154
606,220,1477,765,443,306
606,299,3230,288,198,89
606,301,785,293,594,438
606,303,2269,304,305,139
606,304,1269,395,333,150
607,220,1476,765,443,306
607,299,3293,285,194,87
607,303,2336,302,297,135
607,304,1344,390,337,149
608,220,1476,764,444,307
608,299,3356,282,190,85
608,303,2403,299,290,132
608,304,1419,386,339,148
609,220,1475,764,444,307
609,299,3419,278,186,84
609,303,2469,296,284,129
609,304,1492,383,339,146
610,220,1476,764,443,307
610,299,3482,275,182,82
610,303,2536,294,276,126
610,304,1564,384,332,141
611,220,1476,765,442,306
611,299,3545,272,178,79
611,303,2603,291,269,123
611,304,1615,379,329,142
611,306,70,464,156,186
612,220,1475,767,440,304
612,299,3608,269,174,77
612,303,2669,289,262,119
612,304,1658,376,320,141
612,306,108,454,176,199
613,220,1474,768,439,303
613,303,2736,286,255,116
613,304,1706,378,294,136
613,306,150,443,202,213
614,220,1476,767,440,303
614,303,2803,284,247,112
614,304,1773,375,289,133
614,306,225,437,219,215
615,220,1477,767,440,303
615,303,2870,281,240,110
615,304,1840,371,285,132
615,306,310,428,235,215
616,220,1474,767,442,304
616,303,2936,279,233,106
616,304,1906,368,281,129
616,306,400,419,251,213
617,220,1474,768,441,303
617,303,3003,276,226,103
617,304,1973,364,277,128
617,306,487,409,268,213
618,220,1473,768,443,303
618,303,3070,273,219,100
618,304,2039,360,273,126
618,306,577,400,283,212
619,220,1472,768,444,303
619,303,3136,271,212,96
619,304,2106,357,269,124
619,306,668,394,294,207
620,220,1472,767,445,305
620,303,3203,268,205,94
620,304,2172,353,265,122
620,306,757,387,305,204
621,220,1473,767,445,305
621,303,3270,266,197,90
621,304,2239,350,261,120
621,306,844,381,316,201
622,220,1472,767,446,305
622,303,3336,263,191,87
622,304,2306,346,256,118
622,306,931,374,326,199
623,220,1472,766,446,306
623,303,3403,261,183,83
623,304,2372,343,252,116
623,306,1015,369,337,197
624,220,1472,766,446,306
624,303,3470,258,176,80
624,304,2439,339,248,115
624,306,1100,365,343,194
625,220,1471,766,447,306
625,303,3536,256,170,77
625,304,2505,336,244,112
625,306,1182,361,350,191
626,220,1471,766,446,306
626,303,3603,253,162,74
626,304,2572,332,240,111
626,306,1264,359,352,187
627,220,1471,766,446,306
627,303,3670,250,155,71
627,304,2639,329,235,108
627,306,1345,355,354,184
628,220,1471,766,446,306
628,304,2705,325,232,107
628,306,1423,352,359,183
629,220,1473,766,447,306
629,304,2772,321,227,105
629,306,1497,349,362,182
630,220,1474,765,447,307
630,304,2838,318,224,103
630,306,1564,346,357,178
631,220,1474,765,447,307
631,304,2905,314,219,101
631,306,1614,343,347,177
632,220,1475,765,446,307
632,304,2972,311,215,99
632,306,1661,340,332,175
633,220,1475,765,446,307
633,304,3038,307,211,97
633,306,1708,338,309,171
633,308,61,420,471,237
634,220,1474,765,446,307
634,304,3105,304,207,95
634,306,1776,334,306,169
634,308,150,409,476,237
635,220,1475,765,445,307
635,304,3171,300,203,94
635,306,1844,330,303,167
635,308,251,401,473,234
636,220,1473,767,444,305
636,304,3238,297,199,91
636,306,1912,326,300,166
636,308,352,392,475,232
636,309,842,190,117,130
637,220,1473,767,443,305
637,304,3304,293,195,90
637,306,1980,321,297,165
637,308,456,386,473,228
637,309,841,190,118,130
638,220,1473,767,443,305
638,304,3371,289,190,88
638,306,2048,317,293,163
638,308,553,377,480,228
638,309,841,190,118,130
639,220,1472,767,445,305
639,304,3438,286,186,86
639,306,2116,313,290,161
639,308,653,371,474,222
639,309,841,190,118,130
640,220,1472,767,445,305
640,304,3504,282,182,84
640,306,2184,309,287,159
640,308,746,363,479,222
640,309,841,190,118,130
641,220,1474,766,445,305
641,304,3571,279,178,82
641,306,2252,305,284,157
641,308,845,357,479,219
641,309,841,190,118,130
642,220,1475,766,445,305
642,304,3637,275,174,80
642,306,2320,300,281,156
642,308,939,352,474,214
642,309,841,190,118,130
643,220,1475,766,445,305
643,304,3704,272,170,78
643,306,2388,296,278,154
643,308,1034,350,469,208
643,309,840,190,119,130
644,220,1472,766,446,306
644,306,2456,292,275,152
644,308,1123,343,469,208
644,309,840,190,119,130
645,220,1472,767,445,305
645,306,2524,288,272,150
645,308,1215,341,461,202
645,309,840,189,119,131
646,220,1473,766,446,306
646,306,2592,284,268,149
646,308,1304,340,454,198
646,309,840,189,119,131
647,220,1475,766,444,306
647,306,2660,280,265,147
647,308,1392,339,446,193
647,309,840,189,119,131
648,220,1473,767,444,305
648,306,2728,275,262,146
648,308,1471,337,443,189
648,309,840,189,119,131
649,220,1472,767,444,305
649,306,2796,271,259,144
649,308,1531,336,429,186
649,309,840,189,119,131
650,220,1474,766,445,306
650,306,2864,267,256,142
650,308,1583,332,414,185
650,309,840,189,119,131
651,220,1475,766,445,306
651,306,2932,263,253,140
651,308,1635,333,386,180
651,309,839,189,120,131
652,220,1475,766,446,306
652,306,3000,259,250,138
652,308,1710,329,380,177
652,309,839,188,120,132
653,220,1475,765,446,307
653,306,3068,254,246,137
653,308,1785,326,374,174
653,309,839,188,120,132
654,220,1476,765,445,307
654,306,3136,250,243,135
654,308,1861,323,366,171
654,309,839,188,120,132
655,220,1473,766,444,306
655,306,3204,246,240,133
655,308,1936,319,360,169
655,309,839,188,120,132
655,311,1808,254,91,94
656,220,1474,765,445,306
656,306,3272,242,237,131
656,308,2011,316,354,165
656,309,839,188,120,132
656,311,1786,248,99,98
657,220,1473,766,444,305
657,306,3340,238,234,130
657,308,2086,313,348,162
657,309,839,188,120,132
657,311,1764,246,107,101
658,220,1472,766,444,305
658,306,3408,234,231,128
658,308,2161,309,342,160
658,309,839,188,120,132
658,311,1742,244,115,102
659,220,1473,765,446,306
659,306,3476,229,228,127
659,308,2237,306,334,157
659,309,838,188,121,132
659,311,1714,241,124,103
660,220,1473,766,444,305
660,306,3543,225,225,125
660,308,2312,303,328,153
660,309,838,187,121,133
660,311,1680,238,134,104
661,220,1472,766,445,305
661,306,3611,221,222,123
661,308,2387,300,322,150
661,309,838,187,121,133
661,311,1646,235,140,104
662,220,1472,766,445,305
662,306,3679,217,219,121
662,308,2462,296,316,148
662,309,838,187,121,133
662,311,1614,233,145,100
663,220,1472,767,445,304
663,306,3747,213,216,119
663,308,2537,293,310,144
663,309,838,187,121,133
663,311,1580,231,150,99
664,220,1472,767,445,304
664,308,2612,290,303,141
664,309,838,187,121,133
664,311,1547,227,156,98
665,220,1472,767,445,304
665,308,2688,286,296,139
665,309,838,187,121,133
665,311,1516,224,162,98
666,220,1472,767,445,304
666,308,2763,283,290,136
666,309,838,187,121,133
666,311,1488,222,163,96
667,220,1473,768,443,303
667,308,2838,280,284,132
667,309,837,187,122,133
667,311,1461,219,167,95
668,220,1472,768,444,303
668,308,2913,277,278,129
668,311,1436,216,170,95
669,220,1471,768,446,303
669,308,2988,273,271,127
669,311,1412,212,174,96
670,220,1471,768,446,303
670,308,3063,270,265,124
670,311,1391,210,171,93
671,220,1471,768,446,303
671,308,3139,267,258,120
671,311,1371,207,171,92
672,220,1473,766,447,305
672,308,3214,263,252,118
672,311,1352,204,171,91
673,220,1474,766,447,306
673,308,3289,260,246,115
673,311,1337,202,167,89
674,220,1474,766,447,306
674,308,3364,257,239,111
674,311,1321,199,166,88
675,220,1474,765,447,307
675,308,3439,253,233,109
675,311,1306,197,165,88
676,220,1474,765,447,307
676,308,3515,250,226,106
676,311,1293,195,161,87
677,220,1474,765,446,307
677,308,3590,247,220,103
677,311,1282,193,156,85
678,220,1472,766,445,306
678,308,3665,244,214,99
678,311,1271,190,154,84
679,220,1471,766,445,306
679,308,3740,240,207,97
679,311,1262,187,150,84
680,220,1474,766,445,306
680,308,3815,237,201,94
680,311,1245,185,149,82
681,220,1475,766,445,306
681,308,3890,234,195,91
681,311,1229,182,147,82
682,220,1473,767,444,305
682,311,1212,179,146,81
683,220,1474,766,445,306
683,311,1195,176,145,81
683,312,1798,255,101,92
684,220,1474,767,443,305
684,311,1178,174,144,80
684,312,1774,250,114,100
685,220,1473,767,443,305
685,311,1161,171,143,79
685,312,1754,249,118,100
686,220,1473,767,443,305
686,311,1145,168,141,79
686,312,1725,248,121,97
687,220,1472,768,444,304
687,311,1128,166,140,77
687,312,1689,244,127,98
688,220,1472,768,445,304
688,311,1111,163,139,77
688,312,1651,240,134,99
689,220,1472,767,445,305
689,311,1094,160,138,77
689,312,1616,237,139,98
690,220,1472,767,445,305
690,311,1078,157,136,76
690,312,1582,233,144,98
691,220,1472,767,445,305
691,311,1061,155,135,75
691,312,1549,230,147,96
692,220,1473,768,444,304
692,311,1044,152,134,74
692,312,1517,227,150,94
693,220,1473,768,445,304
693,311,1027,149,133,74
693,312,1485,223,154,95
694,220,1473,768,445,304
694,311,1010,147,132,73
694,312,1457,221,153,92
694,314,79,480,184,186
695,220,1472,768,446,304
695,311,994,144,130,72
695,312,1429,218,156,92
695,314,150,467,201,193
696,220,1472,768,446,304
696,311,977,141,129,72
696,312,1403,216,158,91
696,314,252,455,214,196
697,220,1473,767,447,305
697,311,960,138,128,71
697,312,1381,213,155,89
697,314,367,446,221,192
698,220,1474,767,448,306
698,311,943,136,127,70
698,312,1360,210,156,88
698,314,483,438,229,187
699,220,1473,768,445,304
699,311,927,133,125,70
699,312,1342,206,155,88
699,314,595,423,245,189
700,220,1474,766,446,306
700,311,910,130,124,69
700,312,1328,204,151,86
700,314,705,411,257,188
701,220,1475,766,446,306
701,311,893,128,122,68
701,312,1314,203,146,83
701,314,816,404,265,185
702,220,1475,766,446,306
702,311,876,125,121,67
702,312,1300,200,146,82
702,314,924,398,272,180
703,220,1476,765,445,306
703,311,859,122,120,67
703,312,1289,196,143,82
703,314,1031,392,276,176
704,220,1475,765,446,306
704,311,843,119,118,66
704,312,1279,192,141,82
704,314,1135,384,285,175
705,220,1476,765,445,306
705,311,826,117,117,65
705,312,1273,190,134,80
705,314,1237,379,287,171
706,220,1474,765,444,306
706,311,809,114,116,65
706,312,1266,188,128,77
706,314,1335,373,291,168
707,220,1473,765,444,306
707,311,792,111,115,64
707,312,1259,185,124,76
707,314,1429,369,294,165
708,220,1473,764,446,307
708,311,776,109,113,63
708,312,1252,183,121,75
708,314,1523,365,293,162
709,220,1473,764,446,307
709,311,759,106,112,62
709,312,1244,180,119,76
709,314,1612,363,289,157
710,220,1475,765,444,306
710,312,1236,178,118,74
710,314,1676,363,277,152
711,220,1476,765,443,306
711,312,1230,175,113,73
711,314,1732,362,257,147
711,321,1127,137,66,52
712,220,1476,765,443,306
712,312,1224,173,109,71
712,314,1820,357,252,144
712,321,1125,136,64,50
713,220,1474,767,442,304
713,312,1215,168,110,73
713,314,1908,352,248,141
713,321,1122,135,63,49
714,220,1474,767,442,304
714,312,1209,167,106,71
714,314,1996,347,243,139
714,321,1120,134,62,49
715,220,1473,767,443,304
715,312,1204,167,100,68
715,314,2084,342,239,136
715,321,1115,133,61,48
716,220,1472,767,444,304
716,312,1200,166,96,66
716,314,2172,337,234,134
716,321,1110,129,64,50
717,220,1473,767,443,304
717,312,1195,166,91,63
717,314,2260,332,229,131
717,321,1109,130,61,48
718,220,1472,767,444,304
718,312,1189,166,87,60
718,314,2348,327,225,128
718,321,1105,127,62,50
719,220,1471,766,446,305
719,312,1178,161,89,63
719,314,2436,322,220,126
719,321,1103,127,61,48
720,220,1473,765,447,306
720,312,1169,159,88,62
720,314,2524,317,216,123
720,321,1100,126,61,48
721,220,1474,765,447,307
721,312,1160,157,86,61
721,314,2612,312,211,120
721,321,1097,124,60,48
721,323,73,508,144,165
722,220,1475,764,446,308
722,312,1160,154,82,60
722,314,2700,307,207,118
722,321,1094,123,60,48
722,323,118,497,168,183
723,220,1475,765,445,307
723,312,1152,155,79,56
723,314,2788,302,202,115
723,321,1091,122,60,47
723,323,189,490,184,185
724,220,1474,765,445,307
724,312,1144,153,75,54
724,314,2876,297,197,113
724,321,1088,121,60,47
724,323,282,478,201,187
725,220,1474,765,445,307
725,312,1138,153,72,51
725,314,2964,292,193,110
725,321,1085,119,59,47
725,323,380,466,219,188
726,220,1475,765,445,307
726,312,1132,154,69,49
726,314,3052,287,188,107
726,321,1082,118,59,47
726,323,480,456,235,187
727,220,1473,766,444,306
727,312,1125,155,65,46
727,314,3140,282,184,105
727,321,1079,117,59,46
727,323,580,447,249,184
728,220,1472,766,444,306
728,312,1117,150,68,48
728,314,3228,277,179,102
728,321,1076,115,58,46
728,323,681,441,260,178
729,220,1472,766,444,305
729,312,1110,149,67,47
729,314,3316,272,174,99
729,321,1074,114,57,46
729,323,779,431,273,177
730,220,1472,767,444,304
730,312,1102,145,70,50
730,314,3404,267,170,97
730,321,1071,113,57,45
730,323,876,422,287,175
731,220,1472,767,444,304
731,312,1095,142,71,50
731,314,3492,262,165,94
731,321,1068,112,57,45
731,323,966,414,300,175
732,220,1472,767,445,304
732,312,1087,140,71,50
732,314,3580,257,161,91
732,321,1065,110,56,45
732,323,1060,410,302,167
733,220,1473,767,444,304
733,312,1082,140,67,47
733,314,3668,252,156,89
733,321,1062,109,56,45
733,323,1153,407,305,162
734,220,1473,768,444,304
734,312,1076,138,64,46
734,314,3756,247,151,86
734,321,1059,108,56,44
734,323,1237,401,313,161
735,220,1472,768,446,304
735,312,1069,137,63,44
735,314,3844,242,147,84
735,321,1056,107,55,44
735,323,1325,398,313,154
736,220,1472,768,445,304
736,312,1064,135,62,44
736,314,3932,237,142,81
736,321,1053,105,55,44
736,323,1402,391,320,155
737,220,1472,768,445,304
737,312,1057,134,61,43
737,314,4020,232,138,78
737,321,1050,104,55,44
737,323,1481,388,324,153
738,220,1472,768,444,304
738,312,1050,132,60,42
738,314,4108,227,133,76
738,321,1047,103,55,43
738,323,1556,385,321,149
739,220,1471,768,445,304
739,312,1044,130,58,42
739,314,4196,222,128,73
739,321,1044,101,54,43
739,323,1615,382,316,147
740,220,1471,768,445,304
740,312,1037,129,57,40
740,314,4284,217,124,70
740,321,1041,100,54,43
740,323,1664,380,304,143
741,220,1471,768,445,303
741,312,1030,127,55,40
741,314,4372,212,119,68
741,321,1038,99,54,42
741,323,1709,377,288,142
742,220,1471,768,446,303
742,312,1023,125,54,39
742,321,1035,98,53,42
742,323,1765,378,243,126
743,220,1471,768,446,303
743,312,1016,124,53,38
743,321,1032,96,53,42
743,323,1835,374,236,123
744,220,1470,768,447,304
744,312,1009,122,52,37
744,321,1029,95,53,42
744,323,1904,369,230,120
745,220,1470,767,449,305
745,312,1003,120,50,37
745,321,1026,94,53,41
745,323,1974,365,223,116
746,220,1471,767,448,305
746,312,1019,132,47,33
746,321,1023,92,52,42
746,323,2044,361,216,113
746,326,711,116,33,23
747,220,1472,767,447,305
747,312,1014,132,46,32
747,321,1020,91,52,41
747,323,2114,357,210,109
747,326,715,118,31,21
748,220,1472,766,447,306
748,312,1009,131,44,31
748,321,1018,90,51,41
748,323,2184,352,203,106
748,326,716,118,32,22
749,220,1472,766,447,306
749,312,1004,130,43,30
749,321,1015,89,50,40
749,323,2253,348,197,102
749,326,717,118,33,22
750,220,1470,766,448,306
750,312,999,130,41,29
750,323,2323,344,190,99
750,326,718,118,33,23
751,220,1470,766,448,305
751,312,994,129,40,28
751,323,2393,340,183,95
751,326,720,119,32,22
752,220,1470,766,448,305
752,312,989,128,38,27
752,323,2463,335,177,92
752,326,721,119,33,22
753,220,1470,766,448,305
753,312,984,128,36,25
753,323,2533,331,170,89
753,326,723,119,32,23
754,220,1470,766,448,305
754,312,991,122,41,29
754,323,2603,327,163,85
754,326,724,120,32,22
755,220,1470,766,448,305
755,312,987,120,40,29
755,323,2672,322,157,82
755,326,726,120,32,22
756,220,1470,767,447,304
756,312,983,119,39,28
756,323,2742,318,150,79
756,326,727,121,32,21
757,220,1472,766,448,305
757,312,979,118,39,27
757,323,2812,314,144,75
757,326,729,121,31,22
758,220,1472,765,449,306
758,312,975,117,38,26
758,323,2882,310,137,71
758,326,731,121,31,22
759,220,1471,765,449,306
759,312,975,117,41,29
759,323,2952,305,130,68
759,326,732,122,31,21
760,220,1472,764,449,307
760,312,972,116,41,29
760,323,3021,301,124,65
760,326,734,122,30,22
761,220,1473,764,449,307
761,312,968,115,41,29
761,323,3091,297,117,61
761,326,735,123,31,21
762,220,1474,764,448,307
762,312,965,115,40,28
762,323,3161,293,111,57
762,326,737,123,30,21
763,220,1473,766,446,305
763,312,961,114,40,27
763,323,3231,288,104,55
763,326,738,124,30,20
764,220,1473,766,444,305
764,312,958,113,39,27
764,323,3301,284,97,51
764,326,740,124,30,21
765,220,1473,765,446,306
765,312,954,112,39,27
765,323,3370,280,91,47
765,326,741,124,30,21
766,220,1474,765,446,306
766,312,951,111,38,27
766,323,3440,276,84,43
766,326,743,125,30,20
767,220,1473,766,444,305
767,312,947,110,38,26
767,323,3510,271,78,41
767,326,716,120,42,28
768,220,1472,766,444,305
768,312,944,109,37,26
768,323,3580,267,71,37
768,326,716,120,42,29
768,329,1822,247,77,103
769,220,1472,766,445,305
769,312,940,108,37,26
769,323,3650,263,64,33
769,326,716,120,43,29
769,329,1801,241,83,106
770,220,1472,767,445,304
770,312,937,107,36,25
770,323,3720,259,57,30
770,326,716,120,44,30
770,329,1781,239,87,106
771,220,1472,767,445,304
771,312,933,106,36,25
771,323,3789,254,51,27
771,326,716,120,44,30
771,329,1766,231,92,112
772,220,1472,768,445,303
772,312,930,105,35,25
772,323,3859,250,45,23
772,326,716,120,45,31
772,329,1751,223,97,118
773,220,1472,767,446,305
773,312,926,104,35,24
773,326,717,120,44,31
773,329,1736,216,101,123
774,220,1472,767,446,305
774,312,923,103,34,24
774,326,717,120,45,32
774,329,1721,208,106,129
775,220,1472,767,446,305
775,312,919,102,34,24
775,326,717,120,45,32
775,329,1706,200,111,135
776,220,1472,767,446,305
776,312,915,101,34,24
776,326,701,118,51,36
776,329,1691,192,116,141
777,220,1472,767,445,304
777,312,912,100,33,23
777,326,700,118,52,37
777,329,1676,184,120,147
778,220,1472,767,445,304
778,312,908,99,34,23
778,326,699,118,53,38
778,329,1661,176,125,153
778,334,184,424,472,230
779,220,1472,767,445,304
779,312,905,98,33,23
779,326,698,117,54,39
779,329,1646,169,130,158
779,334,323,409,475,229
779,335,1471,219,271,107
780,220,1471,767,446,304
780,312,901,97,33,22
780,326,697,117,55,40
780,329,1631,161,135,164
780,334,458,395,478,229
780,335,1443,214,268,107
781,220,1471,767,447,304
781,312,898,96,32,22
781,326,696,117,56,40
781,329,1616,153,140,170
781,334,597,385,476,225
781,335,1421,213,261,104
782,220,1470,767,448,304
782,312,894,95,32,22
782,326,695,117,57,41
782,329,1601,145,144,175
782,334,734,377,466,218
782,335,1396,208,263,105
783,220,1470,767,448,304
783,312,891,94,31,21
783,326,694,117,57,41
783,329,1586,137,149,181
783,334,867,370,462,213
783,335,1375,205,262,105
784,220,1470,767,448,305
784,312,887,93,31,21
784,326,693,117,58,42
784,329,1571,129,154,187
784,334,997,363,458,208
784,335,1354,202,261,105
784,337,505,211,114,107
785,220,1470,767,448,305
785,312,884,92,30,21
785,326,692,117,59,42
785,329,1556,122,159,192
785,334,1120,356,453,203
785,335,1333,200,260,103
785,337,503,212,115,107
786,220,1470,767,448,305
786,312,880,91,30,21
786,326,691,117,60,43
786,329,1541,114,163,198
786,334,1237,350,451,200
786,335,1312,197,259,103
786,337,501,212,116,109
787,220,1470,767,448,305
787,312,877,90,29,20
787,326,690,117,61,44
787,329,1526,106,168,204
787,334,1352,347,443,195
787,335,1291,194,258,103
787,337,500,213,116,109
788,220,1470,767,447,305
788,312,873,89,29,20
788,326,689,117,62,44
788,329,1511,98,173,210
788,334,1461,345,436,190
788,335,1270,191,257,102
788,337,498,213,117,110
789,220,1470,767,447,305
789,312,870,88,28,20
789,326,688,117,63,45
789,329,1496,90,178,216
789,334,1543,345,418,183
789,335,1249,188,255,102
789,337,496,214,118,110
790,220,1475,766,446,305
790,312,866,87,28,19
790,326,687,117,64,45
790,329,1481,82,182,222
790,334,1609,341,400,181
790,335,1228,185,254,102
790,337,495,214,119,111
791,220,1472,766,447,305
791,326,686,116,64,47
791,329,1466,75,187,227
791,334,1686,352,346,165
791,335,1206,182,254,101
791,337,493,214,120,112
792,220,1474,765,447,306
792,326,685,116,65,47
792,329,1451,67,192,233
792,334,1788,349,334,159
792,335,1185,179,253,101
792,337,492,215,120,112
793,220,1473,766,446,305
793,326,684,116,66,48
793,329,1436,59,197,239
793,334,1889,346,322,153
793,335,1164,176,252,100
793,337,490,215,121,114
794,220,1472,766,446,305
794,326,683,116,67,49
794,329,1421,51,202,244
794,334,1990,343,310,147
794,335,1143,173,251,100
794,337,489,216,121,114
795,220,1472,766,446,305
795,326,682,116,68,49
795,329,1406,43,206,250
795,334,2092,339,298,142
795,335,1122,170,250,100
795,337,487,216,122,115
796,220,1471,766,447,306
796,326,681,116,69,50
796,329,1391,35,211,256
796,334,2193,336,286,136
796,335,1101,167,249,99
796,337,485,217,124,115
797,220,1471,766,447,306
797,326,680,116,70,50
797,329,1376,28,216,261
797,334,2294,333,274,130
797,335,1080,164,248,99
797,337,484,217,124,116
798,220,1472,764,449,308
798,326,679,116,71,51
798,329,1361,20,221,267
798,334,2395,330,263,124
798,335,1059,161,246,99
798,337,482,218,125,116
799,220,1473,764,448,308
799,326,678,116,71,51
799,329,1347,12,224,273
799,334,2497,327,250,118
799,335,1038,158,245,98
799,337,481,218,125,117
799,341,1225,166,122,82
800,220,1472,766,446,306
800,326,677,116,72,52
800,329,1332,4,229,279
800,334,2598,323,238,113
800,335,1017,155,244,98
800,337,479,219,126,118
800,341,1221,164,122,82
801,220,1472,766,446,306
801,326,676,116,73,53
801,334,2699,320,227,108
801,335,996,152,243,98
801,337,478,219,126,119
801,341,1217,163,122,81
802,220,1472,766,446,306
802,326,675,116,74,53
802,334,2801,317,214,102
802,335,975,150,242,96
802,337,476,220,127,119
802,341,1198,153,125,85
803,220,1472,766,445,305
803,326,674,116,75,54
803,334,2902,314,202,96
803,335,954,147,241,96
803,337,474,220,129,120
803,341,1190,150,127,85
804,220,1472,766,445,305
804,326,672,115,77,55
804,334,3003,310,191,91
804,335,933,144,240,95
804,337,473,221,129,120
804,341,1183,146,127,86
805,220,1472,766,445,305
805,326,671,115,78,56
805,334,3105,307,178,85
805,335,912,141,239,95
805,337,471,221,130,121
805,341,1175,143,128,86
806,220,1471,767,446,303
806,326,670,115,79,56
806,334,3206,304,166,79
806,335,890,138,238,95
806,337,470,221,130,122
806,341,1167,139,130,87
807,220,1471,767,446,303
807,334,3307,301,155,73
807,335,869,135,237,94
807,337,468,222,131,123
807,341,1160,136,130,88
808,220,1471,767,446,303
808,334,3409,298,142,67
808,335,848,132,236,94
808,337,467,222,131,124
808,341,1152,132,132,89
809,220,1471,767,446,303
809,334,3510,294,130,62
809,335,827,129,235,94
809,337,465,223,133,124
809,341,1145,129,132,89
810,220,1470,767,447,304
810,334,3611,291,119,56
810,335,806,126,234,93
810,337,463,223,134,125
810,341,1137,125,133,90
811,220,1471,765,449,306
811,334,3712,288,107,51
811,335,785,123,233,93
811,337,462,224,134,125
811,341,1130,122,134,90
812,220,1470,766,448,305
812,334,3814,285,94,45
812,335,764,120,232,93
812,337,460,224,135,126
812,341,1143,138,101,71
813,220,1469,766,449,306
813,334,3915,281,83,40
813,337,459,225,135,126
813,341,1141,138,96,68
814,220,1468,766,449,306
814,334,4016,278,71,34
814,337,457,225,136,128
814,341,1135,136,94,67
815,220,1467,764,451,308
815,334,4118,275,58,28
815,337,456,226,136,128
815,341,1129,134,93,66
816,220,1467,760,455,312
816,334,4219,272,47,22
816,337,454,226,138,129
816,341,1124,133,91,64
817,220,1467,758,457,313
817,334,4320,269,35,16
817,337,453,227,138,129
817,341,1127,137,84,59
818,220,1466,756,458,315
818,334,4422,265,22,11
818,341,1123,136,81,58
819,220,1465,754,459,317
819,334,4523,262,11,5
819,341,1119,132,81,59
820,220,1462,751,463,319
820,334,4624,259,-1,-1
820,341,1116,131,78,57
821,220,1459,746,468,325
821,334,4725,256,-12,-6
821,341,1111,129,77,56
821,342,475,227,126,121
822,220,1455,742,472,329
822,341,1107,128,75,55
822,342,474,226,128,122
823,220,1454,740,474,331
823,341,1103,127,73,54
823,342,475,226,126,122
824,220,1440,728,488,343
824,341,1100,128,70,52
824,342,474,226,128,122
825,220,1436,724,493,347
825,341,1095,127,69,51
825,342,474,227,128,122
826,220,1429,716,501,355
826,341,1091,126,67,49
826,342,474,226,128,122
827,220,1420,706,512,365
827,341,1089,125,67,49
827,342,474,226,128,122
828,220,1410,696,523,376
828,341,1085,123,66,49
828,342,474,225,128,123
829,220,1405,692,530,380
829,341,1081,122,64,48
829,342,474,225,129,124
830,220,1400,687,536,385
830,341,1077,120,63,48
830,342,474,225,128,124
831,220,1395,682,543,390
831,341,1073,119,61,47
831,342,474,225,129,124
832,220,1359,655,576,418
832,341,1068,118,61,46
832,342,474,225,129,124
833,220,1343,642,579,421
833,341,1064,117,59,45
833,342,474,225,129,124
834,220,1334,635,588,428
834,341,1060,116,58,43
834,342,474,225,129,124
835,220,1325,628,597,434
835,341,1056,115,57,42
835,342,474,225,130,125
836,220,1317,621,605,440
836,341,1052,113,55,42
836,342,474,225,130,125
837,220,1308,614,614,446
837,341,1048,112,54,41
837,342,474,226,129,124
838,220,1244,581,530,381
838,341,1044,111,52,40
838,342,474,226,129,124
838,344,863,235,131,115
839,220,1212,566,521,371
839,341,1039,110,52,39
839,342,474,227,129,123
839,344,864,235,131,116
840,220,1181,554,516,363
840,341,1035,109,50,37
840,342,475,227,127,123
840,344,873,239,129,113
841,220,1165,544,513,362
841,341,1031,108,49,36
841,342,475,227,127,123
841,344,874,239,133,117
842,220,1120,530,496,343
842,341,1027,107,47,35
842,342,475,228,127,122
842,344,880,240,135,117
843,220,1100,520,491,339
843,341,1023,105,46,35
843,342,475,228,127,122
843,344,889,243,135,116
844,220,1046,508,482,325
844,341,1019,104,44,34
844,342,475,227,127,123
844,344,893,244,142,119
845,220,1000,495,482,317
845,341,1015,103,43,33
845,342,475,227,127,123
845,344,903,245,144,119
845,345,840,197,91,86
846,220,976,484,473,312
846,341,1010,102,42,32
846,342,475,227,127,123
846,344,911,247,149,121
846,345,842,196,92,87
847,220,951,473,465,306
847,341,1006,101,41,30
847,342,475,227,127,122
847,344,923,250,153,120
847,345,842,196,92,87
848,220,926,462,458,301
848,341,1002,100,40,29
848,342,475,227,127,122
848,344,934,251,160,124
848,345,841,196,94,88
849,220,901,451,450,296
849,341,998,98,38,29
849,342,475,227,127,122
849,344,948,254,165,123
849,345,841,196,94,89
850,220,876,440,442,291
850,341,994,97,37,28
850,342,475,227,127,122
850,344,962,255,174,126
850,345,841,197,93,89
851,220,851,429,434,286
851,341,990,96,35,27
851,342,475,227,126,122
851,344,977,256,182,129
851,345,841,199,93,88
852,220,827,418,426,281
852,341,986,95,34,26
852,342,476,228,125,122
852,344,995,259,190,130
852,345,841,199,94,89
853,220,802,407,418,275
853,341,981,94,33,24
853,342,476,229,125,121
853,344,1014,261,197,131
853,345,841,199,94,89
854,220,777,396,410,270
854,341,977,93,32,23
854,342,476,229,125,121
854,344,1036,263,203,131
854,345,841,199,94,90
854,349,1422,880,554,193
855,220,752,385,403,265
855,341,973,91,30,23
855,342,476,229,125,121
855,344,1060,267,209,130
855,345,841,200,95,89
855,349,1361,845,641,227
856,220,727,374,395,260
856,341,969,90,29,22
856,342,476,229,125,121
856,344,1085,269,217,131
856,345,842,205,96,91
856,349,1293,807,741,266
857,220,703,363,386,255
857,341,965,89,27,21
857,342,476,229,125,121
857,344,1112,272,227,133
857,345,842,206,96,91
857,349,1246,781,799,291
858,220,678,352,379,249
858,341,961,88,26,20
858,342,476,228,125,122
858,344,1140,273,237,135
858,345,842,207,97,91
858,349,1196,753,860,320
859,220,653,341,371,244
859,342,476,228,125,121
859,344,1173,277,243,135
859,345,842,207,98,92
859,349,1138,725,918,349
860,220,628,330,363,239
860,342,476,228,125,121
860,344,1207,281,248,134
860,345,843,208,97,93
860,349,1075,698,962,377
861,220,603,319,356,234
861,342,476,228,125,120
861,344,1244,283,254,134
861,345,843,209,98,93
861,349,1020,674,981,398
862,220,578,308,348,229
862,342,477,228,124,120
862,344,1282,286,263,135
862,345,843,210,98,93
862,349,987,651,952,398
863,220,554,297,339,224
863,342,476,227,125,121
863,344,1324,289,267,135
863,345,843,210,99,94
863,349,964,628,897,387
864,220,529,286,332,218
864,342,475,227,126,122
864,344,1364,292,276,137
864,345,843,211,99,94
864,349,940,606,843,374
865,220,504,275,324,213
865,342,475,229,126,120
865,344,1408,293,284,139
865,345,843,212,100,94
865,349,915,587,789,359
866,220,479,264,316,208
866,342,475,229,126,120
866,344,1453,294,291,141
866,345,843,213,100,95
866,349,889,571,736,343
867,220,9,400,311,201
867,342,475,229,126,121
867,344,1500,296,298,142
867,345,844,213,100,96
867,349,861,555,686,327
868,220,-47,399,267,194
868,342,475,229,126,121
868,344,1603,302,293,141
868,345,856,225,114,107
868,349,766,520,626,303
869,220,-96,395,259,189
869,342,475,229,126,121
869,344,1668,306,274,135
869,345,859,226,116,108
869,349,702,498,589,289
869,354,672,131,54,44
870,220,-145,392,251,182
870,342,475,229,125,121
870,344,1714,311,255,130
870,345,860,227,117,109
870,349,653,485,555,275
870,354,672,133,53,44
871,220,-194,388,244,177
871,342,475,228,126,121
871,344,1755,315,235,127
871,345,867,230,120,109
871,349,607,473,533,266
871,354,670,133,55,45
872,220,-243,384,237,172
872,342,475,228,126,121
872,344,1797,318,234,127
872,345,872,234,121,109
872,349,559,464,512,257
872,354,670,134,54,45
873,220,-292,380,229,166
873,342,475,228,126,121
873,344,1839,321,233,126
873,345,877,235,126,112
873,349,510,456,494,249
873,354,669,135,54,45
874,220,-341,376,222,161
874,342,475,228,126,120
874,344,1881,324,232,125
874,345,882,237,132,115
874,349,461,449,480,242
874,354,667,135,56,46
875,220,-391,372,215,156
875,342,475,227,126,121
875,344,1924,327,230,125
875,345,885,238,134,117
875,349,412,444,464,234
875,354,666,135,57,47
875,357,1393,875,587,197
876,220,-440,369,207,149
876,342,476,229,124,119
876,344,1966,330,228,124
876,345,888,240,135,118
876,349,287,430,440,223
876,354,665,136,57,47
876,357,1240,796,807,275
877,220,-489,365,200,144
877,342,476,229,124,119
877,344,2008,333,227,123
877,345,891,242,137,119
877,349,212,425,420,211
877,354,663,136,59,48
877,357,1145,748,937,325
878,220,-538,361,192,139
878,342,476,230,124,118
878,344,2050,337,226,122
878,345,894,243,138,121
878,349,147,422,410,205
878,354,662,136,59,49
878,357,1061,711,1021,363
878,358,935,254,184,123
879,220,-587,357,184,133
879,342,476,230,124,118
879,344,2093,340,224,121
879,345,897,245,140,122
879,349,89,419,405,201
879,354,661,137,60,49
879,357,990,683,1071,391
879,358,952,256,188,125
880,220,-636,353,176,128
880,342,476,230,123,117
880,344,2135,343,223,120
880,345,899,247,142,123
880,349,30,415,401,199
880,354,654,138,60,50
880,357,942,657,1074,405
880,358,971,259,193,127
881,220,-685,350,169,122
881,342,475,230,125,118
881,344,2177,346,222,120
881,345,902,248,144,125
881,349,-11,417,389,193
881,354,653,139,60,51
881,357,913,635,1036,402
881,358,994,261,198,130
882,220,-734,346,161,116
882,342,475,230,125,118
882,344,2220,349,220,119
882,345,905,250,145,127
882,349,-40,415,377,191
882,354,651,141,59,50
882,357,895,614,979,391
882,358,1017,268,200,129
883,220,-783,342,153,111
883,342,475,230,125,118
883,344,2262,352,219,119
883,345,908,252,147,128
883,349,-61,417,357,185
883,354,649,142,60,50
883,357,879,596,916,377
883,358,1041,270,207,131
884,220,-832,338,146,106
884,342,476,230,124,118
884,344,2304,355,218,118
884,345,911,253,148,130
884,349,-79,417,335,182
884,354,648,145,59,49
884,357,864,580,853,362
884,358,1068,273,212,133
885,220,-881,334,138,100
885,342,476,230,124,118
885,344,2346,358,217,117
885,345,914,255,149,131
885,349,-96,417,311,178
885,354,647,145,59,50
885,357,844,565,801,349
885,358,1095,275,220,136
886,220,-930,331,130,94
886,342,474,229,126,119
886,344,2389,361,215,117
886,345,917,257,151,132
886,349,-142,413,304,173
886,354,644,145,62,52
886,357,822,550,752,336
886,358,1128,280,226,136
887,220,-979,327,122,89
887,342,474,229,126,118
887,344,2431,364,214,116
887,345,920,258,152,134
887,349,-187,409,295,168
887,354,642,145,63,53
887,357,797,537,710,324
887,358,1163,286,230,136
888,220,-1028,323,115,83
888,342,474,228,126,119
888,344,2473,368,213,114
888,345,922,260,155,135
888,349,-232,404,287,164
888,354,639,146,63,53
888,357,770,526,670,312
888,358,1196,289,240,139
889,220,-1077,319,107,78
889,342,474,229,126,118
889,344,2515,371,211,114
889,345,925,262,156,136
889,349,-277,400,278,159
889,354,638,147,61,52
889,357,740,514,638,302
889,358,1235,290,252,143
890,220,-1126,315,99,72
890,342,474,229,125,118
890,344,2558,374,209,113
890,345,928,263,158,138
890,349,-323,396,272,154
890,354,637,148,60,52
890,357,707,504,608,292
890,358,1277,293,259,145
891,220,-1175,311,92,67
891,342,475,229,124,118
891,344,2600,377,208,112
891,345,931,265,159,139
891,349,-368,391,263,150
891,354,635,149,62,52
891,357,673,494,584,284
891,358,1322,298,263,144
892,220,-1225,308,85,61
892,342,475,229,124,117
892,344,2642,380,207,112
892,345,934,267,161,140
892,349,-413,387,254,145
892,354,634,149,61,52
892,357,638,485,560,276
892,358,1369,303,268,143
893,220,-1274,304,77,55
893,342,474,230,126,117
893,344,2685,383,205,111
893,345,937,268,162,142
893,349,-459,383,247,140
893,354,634,150,61,52
893,357,601,477,539,267
893,358,1416,307,273,144
894,220,-1323,300,70,50
894,342,474,229,126,118
894,344,2727,386,204,111
894,345,940,270,164,143
894,349,-504,378,238,136
894,354,632,152,60,51
894,357,563,469,520,259
894,358,1466,309,279,145
895,220,-1372,296,62,45
895,342,474,229,126,118
895,344,2769,389,203,110
895,345,943,272,165,144
895,349,-549,374,230,131
895,354,630,153,61,50
895,357,525,463,502,252
895,358,1516,311,286,146
896,220,-1421,292,54,39
896,342,474,229,127,117
896,344,2811,392,202,109
896,345,946,273,167,146
896,349,-595,370,222,126
896,354,625,154,66,55
896,357,486,458,485,244
896,358,1567,313,292,148
897,220,-1470,289,46,33
897,342,474,228,127,119
897,344,2854,395,200,109
897,345,948,275,169,147
897,349,-640,365,214,122
897,354,623,155,67,56
897,357,442,452,476,239
897,358,1616,316,293,147
898,220,-1519,285,39,28
898,342,474,229,127,118
898,344,2896,398,199,108
898,345,951,277,170,148
898,349,-685,361,205,117
898,354,622,156,67,56
898,357,400,445,465,235
898,358,1655,319,283,144
899,342,474,229,127,118
899,344,2938,402,198,106
899,345,954,278,172,150
899,349,-731,357,198,112
899,354,620,157,67,57
899,357,357,441,453,228
899,358,1694,322,263,137
900,342,474,229,127,118
900,344,2980,405,197,106
900,345,957,280,173,151
900,349,-776,352,189,108
900,354,618,158,68,57
900,357,313,438,441,221
900,358,1729,325,250,136
900,362,1154,838,842,236
901,342,473,229,127,118
901,344,3023,408,195,105
901,345,960,282,175,152
901,349,-821,348,180,103
901,354,616,159,69,57
901,357,268,436,429,213
901,358,1763,326,234,136
901,362,1014,794,990,281
902,342,474,229,127,119
902,345,963,283,176,155
902,349,-867,344,173,98
902,354,614,160,70,58
902,357,221,432,426,211
902,358,1800,329,234,136
902,362,881,751,1118,325
903,342,474,229,128,119
903,345,966,285,178,156
903,349,-912,339,164,94
903,354,612,161,70,58
903,357,173,429,418,206
903,358,1837,332,234,135
903,362,763,711,1216,365
904,342,474,230,127,118
904,345,969,287,179,157
904,349,-957,335,156,89
904,354,610,162,71,59
904,357,126,427,412,203
904,358,1875,335,233,135
904,362,698,678,1210,375
905,342,473,229,129,120
905,349,-1003,331,148,84
905,354,608,163,72,59
905,357,78,425,408,200
905,358,1912,338,232,134
905,362,665,648,1147,368
906,342,474,229,126,118
906,349,-1048,326,140,80
906,354,606,164,73,60
906,357,31,424,399,194
906,358,1949,340,232,135
906,362,642,619,1069,356
907,342,474,229,127,118
907,349,-1093,322,131,75
907,354,604,165,73,60
907,357,-2,424,387,189
907,358,1986,343,232,135
907,362,625,594,985,340
908,342,474,229,127,119
908,349,-1139,318,124,70
908,354,602,165,74,62
908,357,-29,422,379,187
908,358,2024,346,231,134
908,362,611,574,903,324
909,342,474,229,127,119
909,349,-1184,313,115,66
909,354,601,166,74,62
909,357,-50,420,365,185
909,358,2061,349,230,134
909,362,592,555,831,308
910,342,472,228,130,122
910,349,-1229,309,106,61
910,354,599,167,75,63
910,357,-66,421,346,180
910,358,2098,352,230,133
910,362,568,538,773,297
911,342,472,228,130,122
911,349,-1275,305,99,56
911,354,597,168,75,63
911,357,-81,420,326,178
911,358,2135,355,230,133
911,362,548,524,708,281
911,365,676,144,50,33
912,342,472,227,130,124
912,349,-1320,300,90,52
912,354,595,169,76,64
912,357,-90,421,292,170
912,358,2173,357,229,133
912,362,519,511,663,271
912,365,672,142,54,36
913,342,472,227,130,124
913,349,-1365,296,82,47
913,354,593,170,77,64
913,357,-123,419,284,165
913,358,2210,360,228,133
913,362,488,498,625,263
913,365,671,144,52,35
914,342,471,227,131,124
914,349,-1410,292,73,42
914,354,591,171,77,64
914,357,-156,417,276,160
914,358,2247,363,228,132
914,362,455,486,591,255
914,365,669,144,53,36
915,342,471,227,131,124
915,349,-1456,288,66,37
915,354,589,172,78,65
915,357,-190,414,269,156
915,358,2284,366,228,132
915,362,423,476,557,247
915,365,666,143,56,38
916,342,471,227,132,125
916,354,587,173,79,65
916,357,-223,412,261,152
916,358,2322,369,227,131
916,362,392,470,522,236
916,365,663,141,60,41
917,342,471,227,132,125
917,354,585,174,80,66
917,357,-257,409,255,148
917,358,2359,372,226,131
917,362,353,460,504,231
917,365,661,140,62,43
918,342,470,227,133,125
918,354,583,175,80,66
918,357,-290,407,247,143
918,358,2396,374,226,132
918,362,319,453,482,226
918,365,659,139,64,45
919,342,470,226,133,126
919,354,582,176,80,67
919,357,-323,404,239,139
919,358,2433,377,226,131
919,362,280,447,463,220
919,365,657,139,65,46
920,342,473,227,129,123
920,354,580,177,81,67
920,357,-357,402,232,134
920,358,2471,380,225,131
920,362,242,442,444,214
920,365,655,139,67,47
921,342,473,227,129,123
921,354,578,178,82,68
921,357,-390,400,224,130
921,358,2508,383,224,130
921,362,203,439,425,207
921,365,653,138,69,49
922,342,473,227,129,123
922,354,576,178,82,69
922,357,-424,397,218,126
922,358,2545,386,224,130
922,362,162,436,410,201
922,365,651,138,71,50
923,342,473,227,129,123
923,354,574,179,83,70
923,357,-457,395,210,121
923,358,2582,389,224,129
923,362,119,433,398,195
923,365,649,137,72,52
924,342,473,227,129,123
924,354,572,180,84,70
924,357,-490,392,202,117
924,358,2620,391,223,130
924,362,74,429,389,192
924,365,646,137,75,53
925,342,473,227,129,123
925,354,570,181,85,71
925,357,-524,390,195,112
925,358,2657,394,222,129
925,362,32,427,378,187
925,365,644,136,77,55
926,342,473,227,129,123
926,354,568,182,85,71
926,357,-557,387,187,109
926,358,2694,397,222,129
926,362,-8,425,368,184
926,365,642,136,79,56
927,342,473,227,129,123
927,357,-591,385,180,104
927,358,2731,400,222,128
927,362,-32,425,354,179
927,365,640,135,81,58
928,342,473,227,129,123
928,357,-624,383,172,99
928,358,2769,403,221,128
928,362,-49,424,337,174
928,365,637,135,83,59
929,342,473,227,129,123
929,357,-657,380,164,95
929,358,2806,406,221,127
929,362,-65,423,318,171
929,365,635,135,85,60
930,342,473,227,129,123
930,357,-691,378,157,90
930,358,2843,408,220,128
930,362,-78,423,295,166
930,365,633,134,87,62
931,342,473,227,130,124
931,357,-724,375,149,87
931,358,2880,411,220,128
931,362,-90,416,271,163
931,365,631,134,89,63
931,367,756,123,34,22
932,342,473,227,129,125
932,357,-758,373,142,82
932,362,-123,412,263,159
932,365,629,133,91,65
932,367,757,123,34,22
933,342,474,227,128,125
933,357,-791,370,134,78
933,362,-157,408,257,154
933,365,626,133,93,66
933,367,758,123,34,22
934,342,474,227,128,125
934,357,-824,368,126,73
934,362,-190,403,250,150
934,365,624,132,95,68
934,367,761,123,35,22
935,342,474,227,128,125
935,357,-858,366,119,68
935,362,-223,399,242,146
935,365,622,132,97,69
935,367,762,123,36,23
936,342,474,227,128,125
936,357,-891,363,111,65
936,362,-257,394,237,142
936,365,620,131,99,71
936,367,764,125,33,21
937,342,474,227,128,125
937,357,-925,361,104,60
937,362,-290,390,229,138
937,365,617,131,101,72
937,367,766,125,32,21
938,342,474,227,128,125
938,357,-958,358,96,56
938,362,-323,386,222,133
938,365,615,130,103,74
938,367,765,126,35,21
939,342,474,227,129,125
939,357,-991,356,88,51
939,362,-357,381,216,129
939,365,613,130,105,75
939,367,766,126,35,22
940,342,474,227,129,125
940,357,-1025,353,81,47
940,362,-390,377,208,125
940,365,637,162,63,46
940,367,767,126,35,22
941,342,474,227,129,125
941,357,-1058,351,73,43
941,362,-423,372,201,121
941,365,636,163,62,47
941,367,766,126,37,24
942,342,474,227,129,126
942,357,-1092,349,66,38
942,362,-456,368,194,116
942,365,635,165,62,46
942,367,766,127,38,24
943,342,473,227,130,126
943,362,-490,363,187,113
943,365,634,166,62,47
943,367,767,127,38,24
944,342,473,227,130,126
944,362,-523,359,180,108
944,365,633,167,62,47
944,367,768,127,39,25
945,342,475,227,127,124
945,362,-556,355,173,103
945,365,632,168,62,47
945,367,769,127,39,25
946,342,475,227,126,124
946,362,-590,350,166,100
946,365,631,169,62,47
946,367,769,127,40,26
947,342,475,227,126,123
947,362,-623,346,159,95
947,365,629,170,63,47
947,367,769,132,37,23
948,342,475,227,126,123
948,362,-656,341,152,92
948,365,628,171,63,48
948,367,766,131,44,28
949,342,475,228,125,122
949,362,-690,337,145,87
949,365,627,173,63,47
949,367,766,133,44,28
950,342,475,228,125,122
950,362,-723,333,138,82
950,365,626,174,63,47
950,367,766,133,45,30
951,342,475,229,125,121
951,362,-756,328,130,79
951,365,625,175,63,47
951,367,767,135,44,29
952,342,475,228,125,122
952,362,-790,324,124,74
952,365,624,176,63,47
952,367,766,136,46,29
953,342,475,228,125,122
953,362,-823,319,117,70
953,365,623,177,63,47
953,367,766,136,47,30
954,342,475,228,125,122
954,362,-856,315,109,66
954,365,622,178,63,48
954,367,766,137,48,31
955,342,475,228,125,122
955,362,-890,310,103,62
955,365,621,179,63,48
955,367,767,137,48,32
